02/24/2022, 14:05:19
 22.1
 38.9
 26.1
 21.4
 42.8
 22.1
 20.7
 16.9
 28.9
 17.9
 18.0
 20.4
 19.4
 17.3
 69.2
 28.5
 27.2
 17.1
 22.4
 17.1
 18.0
 20.4
 19.4
 18.1
 17.0
 17.8
 16.5
 16.9
 18.2
 25.3
 30.6
 20.1
 19.1
 14.8
 18.9
 17.7
 18.1
 33.5
 19.9
 19.5
 26.8
 18.7
 13.5
 18.8
 17.6
 17.5
 38.3
 27.0
 38.2
 16.6
 58.3
 68.6
 32.9
 45.3
 43.2
 31.9
 57.2
 47.9
 22.9
 65.4
 58.2
 54.9
 52.8
 43.3
 26.9
 62.8
 23.8
 56.2
 46.9
 27.4
 33.7
 44.8
 34.6
 51.8
 68.2
 77.5
 54.0
 68.1
 64.3
 66.6
 61.5
 52.8
 25.5
 61.6
 59.6
 51.2
 30.3
 45.1
 62.2
 30.1
 47.1
 64.2
 47.0
 23.9
 50.0
 45.8
 33.4
 26.2
 48.1
 65.2
 33.2
 19.3
 29.0
 22.4
 18.3
 17.0
 17.7
 17.9
 19.2
 86.6
 17.6
 21.2
 18.2
 19.2
 17.9
 20.4
 20.0
 18.7
 19.3
 18.4
 16.5
 26.1
 17.9
 16.7
 18.3
 17.9
 17.0
 13.8
 18.0
 17.3
 26.8
 30.4
 21.8
 17.4
 17.2
 23.0
 18.9
 18.5
 16.9
 17.7
 20.2
 23.1
 21.0
 18.5
 16.5
 16.7
 17.0
 19.1
 18.5
 21.4
 21.2
 21.8
 23.0
 28.6
 16.9
 19.2
 20.3
 18.7
 21.4
 17.5
 19.4
 17.2
 20.0
 19.6
 14.7
 15.3
 17.4
 20.9
 25.4
 18.0
 17.0
 16.2
 18.3
 21.7
 18.3
 17.1
 18.9
 23.2
 17.4
 18.2
 15.5
 19.7
 17.9
 17.0
 20.0
 20.3
 16.8
 16.9
 19.4
 17.2
 47.5
 22.3
 19.7
 21.1
 19.7
 20.3
 19.3
 19.5
 23.6
 46.4
 18.6
 18.1
 22.2
 18.5
 20.1
 20.7
 20.7
 20.3
 24.2
 32.9
 24.1
 16.4
 23.3
 16.6
 20.2
 18.7
 16.6
 18.8
 18.6
 20.6
 17.5
 18.7
 21.0
 19.8
 20.5
 28.9
 54.8
 21.0
 17.7
 30.8
 17.9
 20.3
 16.9
 20.1
 25.1
 18.7
 16.5
 16.0
 44.6
 21.6
 19.5
 19.1
 17.9
 17.3
 17.9
 15.9
 18.3
 19.0
 19.3
 16.4
 18.8
 19.7
 20.4
 19.6
 16.2
 18.6
 21.4
 19.7
 16.9
 15.6
 19.3
 28.8
 20.1
 22.4
 16.8
 20.2
 19.8
 16.6
 19.1
 20.7
 18.3
 28.2
 19.1
 17.7
 22.5
 18.2
 27.2
 36.8
 16.0
 17.6
 20.7
 17.6
 18.2
 18.0
 17.6
 16.5
 17.4
 14.8
 19.1
 16.4
 21.0
 24.1
 19.5
 18.2
 17.6
 21.9
 16.9
 15.5
 18.1
 16.6
 23.0
 18.4
 19.1
 20.0
 25.2
 22.7
 16.9
 17.8
 18.8
 30.7
 20.5
 18.8
 19.5
 21.8
 17.3
 19.7
 16.9
 82.1
 30.4
 15.1
 19.2
 16.5
 17.3
 17.8
 20.9
 21.5
 18.8
 18.5
 17.9
 18.6
 19.3
 21.0
 21.8
 19.1
 19.0
 17.4
 20.1
 22.1
 20.8
 17.2
 15.9
 20.3
 20.2
 17.8
 18.5
 18.7
 17.8
 18.9
 20.7
 19.5
 16.9
 17.0
 17.7
 17.9
 20.0
 20.1
 25.9
 20.4
 16.6
 17.3
 21.3
 15.0
 40.3
 15.8
 30.0
 17.4
 18.2
 22.0
 22.5
 18.9
 21.5
 17.8
 19.3
 18.8
 18.7
 26.4
 30.7
 17.6
 16.8
 19.5
 20.9
 24.0
 17.8
 16.5
 17.6
 18.0
 20.3
 20.8
 39.9
 44.6
 20.0
 40.5
 17.6
 30.5
 56.5
 16.7
 26.8
 16.7
 58.6
 22.3
 18.6
 59.1
 25.2
 21.3
 16.7
 20.4
 54.8
 61.2
 18.0
 40.8
 20.9
 19.0
 16.3
 16.5
 18.0
 18.7
 18.3
 16.9
 22.6
 67.6
 56.5
 47.1
 25.8
 26.5
 27.8
 17.6
 17.7
 26.0
 14.0
 16.4
 38.9
 17.5
 18.0
 19.9
 29.4
 16.8
 17.7
 18.3
 18.2
 59.6
 19.9
 39.8
 40.6
 22.3
 25.2
 16.9
 15.1
 18.7
 19.4
 23.5
 45.3
 21.8
 18.1
 16.8
 19.9
 18.4
 17.0
 17.7
 21.7
 17.3
 26.6
 15.1
 17.6
 14.2
 16.8
 16.9
 18.3
 17.8
 18.5
 35.7
 19.1
 17.7
 25.5
 62.5
 15.9
 23.3
 19.3
 20.0
 18.6
 17.6
 18.5
 20.0
 18.7
 17.9
 20.4
 17.0
 19.7
 18.3
 18.5
 16.8
 18.6
 18.5
 17.6
 18.3
 63.5
 17.1
 18.5
 16.5
 18.6
 20.2
 18.5
 55.1
 19.4
 18.6
 18.8
 18.1
 18.1
 17.9
 19.0
 16.4
 46.8
 19.5
 50.5
 13.5
 26.3
 76.8
 18.0
 17.7
 17.1
 19.7
 20.8
 19.9
 18.3
 20.9
 17.9
 15.6
 93.3
 25.1
 21.4
 16.9
 17.7
 17.8
 16.7
 26.3
 22.0
 18.7
 18.8
 36.8
 17.7
 24.7
 17.5
 18.0
 18.7
 17.3
 22.7
 21.7
 16.9
 26.8
 18.5
 24.0
 17.5
 19.3
 16.8
 30.8
 16.4
 18.4
 19.0
 23.4
 19.2
 17.5
 20.2
 17.8
 17.5
 22.4
 16.8
 20.2
 22.0
 20.5
 25.4
 18.1
 28.0
 17.5
 33.9
 20.2
 19.2
 18.7
 22.3
 29.5
 19.1
 19.0
 16.4
 19.2
 55.6
 17.8
 15.1
 17.7
 20.6
 20.1
 18.1
 16.8
 17.2
 18.1
 18.9
 19.4
 20.0
 16.6
 17.3
 19.9
 16.5
 29.8
 16.4
 18.9
 19.7
 19.0
 15.8
 17.7
 18.3
 16.9
 19.6
 65.5
 19.0
 19.2
 44.1
 19.4
 18.2
 44.3
 17.1
 19.1
 45.4
 18.4
 18.1
 27.0
 18.4
 20.5
 18.5
 20.3
 16.2
 18.4
 19.2
 17.0
 20.0
 20.2
 18.9
 19.8
 18.1
 60.1
 57.4
 69.1
 65.1
 22.9
 19.4
 18.1
 19.3
 21.3
 17.2
 17.2
 19.6
 16.8
 19.1
 17.8
 20.3
 19.7
 42.6
 60.3
 26.6
 24.6
 18.5
 17.4
 23.8
 16.9
 19.7
 20.1
 18.2
 18.5
 16.6
 20.4
 20.5
 17.4
 18.1
 16.9
 19.3
 18.3
 19.1
 15.3
 18.6
 16.6
 19.3
 17.7
 21.1
 18.4
 16.9
 22.0
 26.4
 17.9
 18.0
 18.9
 19.3
 18.0
 53.6
 16.9
 38.0
 19.5
 18.5
 31.6
 19.0
 18.1
 15.5
 20.3
 16.9
 17.2
 18.3
 18.1
 17.1
 24.9
 18.6
 20.7
 14.1
 17.6
 13.8
 30.5
 19.2
 16.6
 20.6
 25.4
 18.6
 20.1
 18.1
 18.0
 16.1
 30.4
 19.0
 18.1
 19.8
 30.5
 19.5
 18.2
 19.8
 19.8
 18.7
 16.8
 19.5
 40.7
 17.2
 20.5
 19.8
 18.3
 17.2
 19.7
 20.2
 19.2
 17.5
 18.1
 19.6
 19.6
 57.6
 21.7
 18.0
 19.9
 16.7
 17.7
 20.0
 19.3
 21.7
 22.4
 19.5
 18.3
 19.0
 18.1
 18.0
 28.6
 18.8
 17.0
 17.3
 17.0
 19.8
 15.9
 18.4
 60.0
 63.3
 24.2
 39.6
 33.5
 20.6
 53.0
 21.9
 18.0
 18.3
 18.8
 17.0
 19.1
 17.8
 16.5
 18.8
 17.2
 16.1
 18.7
 17.4
 17.8
 17.7
 17.4
 19.6
 18.4
 15.5
 20.0
 19.2
 18.6
 33.3
 17.9
 24.1
 17.9
 18.4
 30.0
 17.7
 16.1
 17.9
 45.8
 15.4
 38.7
 15.8
 18.0
 16.8
 17.5
 19.2
 51.1
 61.1
 17.9
 19.7
 23.7
 17.4
 24.0
 20.3
 18.1
 17.1
 18.8
 19.4
 20.1
 19.4
 19.4
 19.8
 17.7
 19.0
 20.0
 15.3
 18.2
 16.7
 70.4
 44.8
 17.9
 15.6
 16.4
 19.6
 65.8
 18.3
 18.0
 17.1
 24.9
 36.4
 16.9
 18.7
 19.0
 30.1
 20.8
 17.3
 41.7
 19.4
 19.6
 17.9
 17.2
 68.4
 30.6
 20.2
 65.3
 61.2
 49.3
 28.4
 19.6
 59.1
 51.0
 60.0
 64.1
 20.5
 56.8
 60.8
 66.2
 64.2
 60.4
 20.3
 16.4
 20.8
 20.9
 18.4
 17.3
 18.6
 19.9
 18.6
 61.7
 25.2
 20.2
 16.4
 19.3
 17.0
 16.8
 56.1
 18.1
 17.2
 62.2
 38.4
 61.9
 58.6
 60.9
 48.8
 33.4
 17.5
 17.7
 40.2
 57.1
 22.1
 43.5
 26.8
 30.6
 22.0
 24.0
 19.1
 16.6
 25.9
 16.5
 16.8
 20.9
 17.5
 44.2
 46.1
 42.8
 31.4
 42.2
 59.3
 47.4
 24.1
 24.5
 20.6
 18.8
 19.1
 19.3
 62.9
 60.4
 52.8
 21.3
 19.9
 20.8
 26.0
 31.9
 17.4
 20.5
 19.0
 19.6
 18.5
 16.9
 19.5
 18.9
 14.1
 17.6
 17.3
 18.1
 17.7
 19.8
 30.6
 19.8
 18.5
 46.1
 22.9
 49.1
 38.8
 49.4
 43.7
 49.5
 16.0
 48.9
 70.0
 24.8
 71.2
 33.0
 23.4
 33.2
 17.9
 18.3
 18.5
 25.5
 25.8
 19.0
 93.1
 61.4
 65.9
 19.7
 59.6
 66.1
 45.7
 58.3
 64.9
 40.6
 63.6
 53.0
 53.8
 55.4
 37.9
 35.4
 65.2
 62.5
 31.9
 65.4
 59.5
 43.4
 72.0
 68.5
 60.6
 64.5
 27.9
 41.6
 53.2
 69.7
 57.2
 32.9
 56.9
 58.1
 34.3
 44.4
 61.1
 53.4
 45.0
 46.3
 64.6
 54.5
 20.9
 17.7
 18.8
 17.6
 16.7
 25.3
 20.0
 17.0
 19.7
 18.3
 17.3
 17.6
 19.7
 17.3
 20.1
 20.4
 20.8
 17.1
 17.7
 18.4
 18.9
 20.4
 19.6
 16.9
 17.7
 18.6
 18.8
 17.5
 17.8
 16.8
 17.3
 18.2
 18.6
 25.8
 21.9
 19.5
 18.4
 16.8
 17.8
 18.2
 17.0
 17.3
 27.0
 19.6
 19.9
 18.7
 17.4
 18.5
 24.9
 20.3
 16.4
 17.1
 17.6
 18.7
 22.6
 19.0
 18.9
 17.5
 20.3
 18.8
 19.4
 18.5
 16.8
 17.4
 17.9
 16.7
 27.4
 18.3
 20.1
 18.2
 16.8
 17.7
 19.8
 16.4
 19.0
 19.6
 16.4
 19.2
 18.6
 17.3
 17.8
 21.8
 18.4
 21.8
 25.8
 19.3
 91.5
 19.2
 20.2
 18.1
 16.3
 20.1
 18.5
 19.2
 18.6
 17.0
 18.4
 21.5
 17.8
 18.7
 17.1
 17.7
 18.8
 20.4
 19.2
 18.9
 16.9
 17.6
 18.7
 19.6
 17.7
 18.6
 19.2
 18.0
 20.3
 18.9
 17.2
 19.3
 19.8
 21.8
 16.3
 17.6
 18.1
 18.7
 19.7
 17.7
 18.6
 17.7
 20.0
 18.1
 17.0
 21.4
 20.3
 18.4
 20.9
 17.5
 18.0
 18.7
 15.2
 20.8
 19.3
 19.7
 19.8
 19.1
 17.4
 20.2
 20.0
 18.5
 21.1
 22.1
 18.6
 18.7
 20.8
 17.5
 18.1
 18.3
 17.9
 17.9
 18.2
 18.9
 18.9
 21.9
 19.6
 18.7
 18.9
 17.7
 22.6
 17.8
 20.6
 16.9
 17.5
 18.5
 16.9
 17.5
 17.9
 20.1
 20.6
 16.8
 20.0
 21.3
 20.7
 18.9
 17.0
 17.9
 20.3
 16.8
 15.9
 18.6
 18.0
 17.7
 19.1
 19.9
 17.8
 17.8
 20.3
 19.8
 20.7
 19.5
 18.3
 19.3
 17.4
 18.3
 19.3
 17.3
 20.1
 16.8
 20.3
 19.9
 19.1
 17.7
 20.8
 17.4
 17.6
 20.5
 19.1
 18.7
 20.3
 16.6
 17.7
 18.1
 16.9
 18.9
 20.2
 21.1
 18.2
 20.9
 17.8
 18.1
 16.8
 19.4
 18.0
 18.7
 19.7
 18.5
 16.5
 17.7
 17.9
 22.0
 20.0
 18.4
 17.0
 17.8
 20.7
 22.8
 16.7
 16.5
 20.5
 17.9
 20.4
 17.2
 19.9
 18.9
 17.4
 18.5
 17.6
 20.4
 17.9
 20.1
 21.9
 18.0
 19.2
 17.3
 18.3
 14.6
 17.6
 18.6
 16.8
 18.7
 18.2
 16.8
 17.2
 21.5
 18.2
 19.1
 19.3
 17.6
 18.5
 18.1
 17.6
 18.4
 17.6
 19.5
 20.5
 17.6
 18.0
 18.6
 17.9
 18.5
 16.9
 17.2
 20.4
 20.0
 19.4
 18.8
 17.2
 17.8
 16.6
 17.0
 19.7
 18.1
 17.0
 17.6
 20.7
 17.4
 20.4
 16.6
 19.4
 18.5
 19.7
 17.4
 18.0
 16.6
 17.2
 19.9
 18.8
 17.6
 18.6
 17.6
 17.6
 18.3
 21.2
 18.6
 17.4
 20.9
 19.4
 17.2
 17.2
 19.1
 17.0
 19.7
 18.7
 18.9
 19.5
 20.2
 18.6
 19.6
 19.9
 16.6
 17.4
 20.3
 20.5
 19.1
 19.0
 18.3
 19.0
 17.6
 20.3
 19.0
 18.0
 20.5
 19.7
 20.8
 18.6
 19.9
 17.1
 19.3
 17.8
 18.5
 17.6
 18.4
 19.2
 17.4
 19.5
 25.7
 18.7
 18.6
 19.8
 17.9
 18.1
 19.3
 17.3
 18.1
 18.4
 17.3
 17.9
 17.7
 19.1
 19.2
 17.2
 18.8
 17.8
 18.8
 17.3
 17.7
 16.5
 18.9
 18.5
 19.4
 17.1
 22.2
 17.7
 17.1
 20.1
 17.8
 17.4
 28.8
 19.8
 19.9
 20.3
 19.6
 20.5
 17.0
 18.1
 18.2
 18.8
 18.6
 18.1
 17.3
 19.2
 17.2
 17.5
 18.6
 18.7
 16.9
 18.6
 17.1
 17.9
 20.3
 19.2
 17.5
 19.5
 18.6
 17.9
 17.9
 18.5
 17.4
 19.7
 18.9
 19.0
 19.7
 20.9
 17.6
 20.9
 19.8
 20.8
 17.2
 19.8
 20.0
 17.1
 18.2
 20.9
 19.8
 20.3
 17.9
 19.7
 17.5
 21.0
 20.0
 18.9
 17.6
 20.3
 20.7
 21.6
 17.5
 21.2
 18.8
 17.6
 18.1
 16.9
 19.7
 20.5
 21.2
 20.1
 18.2
 18.2
 16.7
 19.3
 19.2
 18.9
 17.5
 19.2
 18.2
 16.8
 18.5
 18.7
 17.2
 19.2
 18.0
 19.0
 21.7
 18.6
 18.9
 20.2
 20.4
 18.2
 17.8
 18.6
 17.6
 17.9
 18.1
 18.9
 17.5
 20.1
 18.9
 18.7
 18.1
 17.0
 19.6
 20.5
 19.2
 19.9
 16.6
 19.3
 17.6
 16.5
 19.5
 19.7
 19.7
 16.8
 18.0
 16.4
 17.3
 20.2
 19.0
 16.7
 19.4
 18.1
 16.8
 18.1
 18.2
 17.0
 17.9
 19.4
 19.1
 19.1
 18.0
 17.0
 17.4
 18.0
 16.9
 17.6
 20.5
 19.1
 20.0
 17.9
 17.3
 19.6
 18.3
 22.7
 20.3
 19.1
 19.7
 19.9
 18.7
 18.6
 20.1
 17.2
 18.0
 18.6
 18.4
 19.8
 19.8
 19.3
 18.7
 19.1
 18.6
 17.2
 21.0
 17.4
 20.1
 18.4
 17.1
 19.5
 20.3
 18.6
 17.7
 18.1
 16.5
 19.3
 18.3
 20.5
 20.1
 18.7
 17.4
 17.4
 18.1
 19.4
 18.7
 18.1
 19.0
 24.5
 20.9
 18.0
 16.6
 19.2
 20.4
 18.9
 18.8
 19.6
 20.0
 18.5
 17.4
 18.7
 18.6
 20.3
 22.1
 19.2
 18.6
 20.5
 18.5
 20.8
 19.4
 20.2
 17.0
 19.2
 18.1
 27.8
 17.8
 21.0
 19.4
 18.4
 18.2
 18.0
 18.9
 18.9
 17.7
 19.9
 19.0
 19.4
 17.0
 18.8
 18.0
 18.8
 18.2
 19.4
 17.9
 17.3
 17.7
 20.2
 20.6
 20.2
 17.2
 17.9
 21.8
 17.7
 18.1
 16.7
 19.3
 23.3
 17.5
 19.9
 18.9
 17.4
 19.4
 18.4
 21.0
 18.2
 20.8
 20.2
 17.9
 18.1
 17.3
 18.1
 17.1
 16.8
 21.6
 18.0
 20.4
 18.4
 18.7
 18.6
 16.8
 17.4
 19.0
 17.0
 17.5
 18.3
 20.4
 18.0
 18.6
 18.4
 18.0
 21.0
 17.3
 21.7
 19.5
 19.9
 17.0
 21.8
 18.7
 20.4
 20.2
 17.0
 20.8
 18.3
 17.5
 18.1
 17.3
 19.6
 22.4
 19.4
 19.1
 20.4
 19.1
 19.9
 17.8
 18.1
 17.5
 21.7
 19.3
 20.1
 16.8
 19.3
 20.1
 19.5
 19.6
 20.9
 17.4
 18.5
 19.6
 16.7
 17.7
 18.1
 17.2
 17.7
 19.9
 17.2
 17.5
 18.4
 19.6
 18.9
 18.5
 18.2
 17.4
 20.3
 18.9
 19.3
 17.9
 17.8
 19.2
 20.5
 17.0
 18.1
 30.7
 19.2
 18.0
 21.0
 17.5
 27.0
 17.4
 21.2
 19.5
 20.2
 17.0
 28.7
 19.0
 19.0
 19.5
 20.1
 18.2
 18.0
 18.7
 18.3
 19.4
 24.3
 20.6
 18.6
 17.2
 17.8
 16.9
 22.7
 17.4
 18.1
 18.0
 16.9
 18.0
 18.1
 17.0
 17.7
 20.5
 18.5
 20.6
 19.7
 20.2
 18.7
 17.4
 22.5
 17.1
 17.4
 18.3
 19.9
 16.5
 19.2
 17.7
 19.4
 18.4
 18.3
 19.0
 18.0
 19.5
 16.8
 19.6
 20.1
 16.6
 17.6
 21.6
 17.7
 20.2
 18.1
 20.7
 19.6
 26.2
 19.9
 19.3
 17.4
 18.9
 17.1
 40.0
 17.4
 18.5
 18.9
 19.7
 20.8
 20.0
 19.9
 18.7
 19.0
 20.2
 19.0
 19.2
 18.1
 23.0
 17.6
 18.3
 20.8
 18.3
 23.5
 19.9
 18.9
 17.8
 20.2
 22.8
 14.2
 21.8
 18.9
 30.7
 17.9
 20.3
 16.9
 17.8
 17.1
 20.2
 18.3
 19.4
 19.7
 20.7
 18.4
 22.5
 19.2
 20.0
 22.2
 16.8
 17.4
 21.4
 18.4
 17.3
 25.3
 18.9
 17.8
 18.0
 24.9
 18.8
 18.9
 18.4
 18.0
 18.7
 17.2
 19.4
 19.9
 19.7
 17.2
 19.6
 16.7
 20.0
 18.1
 18.6
 18.1
 20.9
 17.2
 17.4
 20.2
 18.3
 18.3
 23.5
 17.3
 23.1
 17.5
 18.4
 17.7
 20.9
 18.9
 18.4
 17.5
 20.2
 19.1
 19.7
 21.8
 21.0
 18.6
 18.7
 20.8
 18.2
 19.3
 18.2
 16.8
 19.0
 16.6
 17.3
 23.6
 18.1
 20.2
 18.2
 17.5
 18.8
 18.3
 19.8
 18.4
 22.4
 19.8
 20.4
 20.5
 22.4
 17.4
 18.2
 17.4
 17.1
 18.6
 20.9
 19.1
 18.5
 20.0
 19.2
 18.4
 20.2
 18.0
 20.8
 19.3
 18.7
 19.4
 18.4
 17.3
 18.3
 16.9
 20.4
 14.3
 19.5
 16.7
 19.7
 19.0
 18.8
 20.3
 19.0
 17.2
 19.7
 19.8
 17.5
 21.1
 18.8
 18.1
 18.8
 19.7
 20.1
 16.9
 19.4
 18.8
 17.1
 17.4
 20.2
 18.8
 18.7
 19.3
 18.5
 17.7
 19.9
 16.9
 20.8
 20.4
 18.3
 19.6
 19.5
 18.4
 19.5
 18.4
 17.8
 17.7
 16.5
 17.0
 18.5
 18.4
 17.0
 17.5
 20.7
 19.0
 20.0
 17.2
 19.4
 20.0
 18.4
 19.2
 17.8
 16.5
 19.0
 19.7
 18.5
 19.2
 19.7
 18.3
 17.2
 19.6
 16.5
 19.1
 18.7
 23.7
 17.2
 18.2
 16.7
 17.9
 19.1
 16.5
 19.3
 18.9
 18.3
 17.2
 20.3
 18.7
 17.4
 19.9
 17.7
 17.5
 17.8
 16.7
 18.1
 18.4
 20.3
 19.0
 18.8
 20.3
 18.0
 18.0
 18.5
 18.8
 18.1
 18.2
 16.8
 19.4
 18.1
 19.0
 19.9
 18.5
 18.0
 20.2
 30.6
 20.9
 17.6
 18.2
 17.3
 17.4
 18.4
 21.1
 18.0
 18.5
 19.3
 21.7
 17.1
 17.9
 20.2
 19.2
 19.8
 28.2
 17.2
 18.0
 18.8
 19.9
 18.5
 18.7
 17.1
 18.2
 18.5
 19.3
 20.9
 19.6
 17.8
 21.6
 19.5
 18.2
 17.4
 18.4
 17.1
 17.6
 18.3
 16.6
 17.8
 17.9
 20.2
 19.5
 17.9
 16.8
 17.2
 21.3
 19.0
 18.5
 24.9
 17.4
 18.1
 17.0
 17.8
 18.6
 16.8
 19.6
 18.1
 18.5
 17.1
 17.8
 18.3
 16.9
 17.9
 18.9
 18.4
 19.1
 20.3
 18.2
 20.4
 18.4
 17.1
 18.2
 20.2
 17.3
 19.8
 18.1
 19.3
 17.6
 18.1
 18.7
 17.5
 20.5
 18.7
 18.0
 17.9
 18.8
 17.4
 18.9
 19.3
 17.8
 19.8
 16.6
 18.7
 19.7
 18.5
 17.5
 17.8
 20.4
 17.4
 17.5
 18.4
 17.7
 17.5
 18.5
 20.9
 20.4
 17.3
 20.1
 16.7
 19.3
 18.0
 18.6
 17.2
 19.6
 20.6
 18.0
 18.6
 21.3
 20.1
 18.8
 19.3
 20.1
 17.3
 18.0
 16.6
 17.2
 19.4
 16.9
 17.2
 19.5
 17.4
 17.1
 17.7
 18.8
 19.2
 19.8
 16.6
 17.2
 19.8
 20.4
 17.4
 19.8
 20.5
 17.0
 19.6
 18.6
 18.8
 17.8
 19.8
 16.9
 17.5
 20.4
 14.9
 19.7
 18.5
 21.0
 20.2
 18.8
 17.5
 20.1
 16.8
 18.2
 20.5
 17.8
 18.3
 18.9
 19.7
 18.3
 16.9
 19.6
 20.2
 19.2
 17.5
 20.3
 18.8
 17.6
 18.0
 16.8
 17.4
 18.0
 16.7
 18.3
 20.0
 16.7
 19.3
 17.8
 16.5
 17.7
 14.3
 16.5
 17.6
 16.4
 19.0
 19.6
 20.4
 18.9
 25.3
 18.6
 17.3
 18.5
 16.9
 17.3
 17.2
 17.1
 19.8
 22.5
 17.6
 20.2
 16.8
 18.3
 20.8
 17.6
 20.0
 18.4
 19.2
 17.9
 18.3
 17.6
 17.8
 16.9
 17.7
 23.9
 17.0
 19.4
 19.0
 18.9
 18.0
 18.7
 17.8
 18.1
 17.7
 19.7
 22.0
 19.0
 19.9
 18.5
 19.0
 17.7
 16.3
 19.0
 19.6
 18.3
 18.9
 19.8
 24.8
 19.3
 18.0
 23.1
 17.8
 16.5
 17.2
 19.8
 18.4
 17.4
 17.7
 18.5
 17.0
 20.0
 18.4
 17.2
 17.6
 18.3
 16.9
 18.0
 19.8
 18.9
 19.5
 20.2
 20.0
 17.4
 18.1
 16.7
 17.4
 20.0
 16.7
 17.3
 17.9
 16.6
 17.4
 19.6
 16.5
 17.2
 19.7
 16.4
 17.1
 17.7
 20.3
 19.1
 17.7
 20.4
 19.0
 20.4
 18.4
 18.9
 17.8
 18.4
 18.9
 17.6
 18.3
 16.8
 20.9
 16.7
 19.2
 19.9
 18.5
 17.3
 17.9
 18.6
 17.2
 20.7
 17.0
 18.0
 18.3
 16.9
 19.6
 19.0
 19.1
 17.8
 18.2
 16.7
 17.4
 18.1
 17.5
 18.7
 18.0
 16.7
 19.3
 18.0
 16.6
 17.3
 17.9
 16.5
 17.2
 16.6
 20.5
 26.0
 18.6
 17.1
 19.6
 18.2
 16.8
 17.8
 19.3
 18.9
 17.8
 18.1
 16.7
 17.4
 17.9
 16.6
 17.2
 21.5
 17.2
 17.7
 18.7
 19.2
 19.7
 18.4
 17.0
 17.8
 18.4
 17.0
 19.6
 18.3
 17.0
 19.6
 20.2
 16.7
 19.5
 18.4
 19.0
 17.7
 18.1
 16.7
 18.2
 18.2
 16.8
 19.7
 21.7
 17.6
 18.1
 17.0
 17.7
 16.6
 17.3
 17.7
 16.4
 17.2
 17.8
 16.5
 17.0
 17.8
 18.3
 19.0
 19.6
 21.1
 20.0
 16.6
 19.5
 17.9
 16.7
 17.3
 20.0
 19.1
 17.2
 17.8
 18.5
 17.6
 20.3
 17.8
 17.5
 18.3
 19.4
 17.6
 18.2
 16.9
 17.3
 18.0
 16.7
 17.5
 18.2
 21.9
 15.9
 16.5
 17.1
 17.8
 21.9
 19.9
 20.1
 17.4
 19.5
 16.4
 20.3
 19.9
 18.1
 16.8
 19.4
 18.0
 16.6
 17.3
 18.1
 18.6
 17.4
 18.0
 16.7
 17.5
 18.5
 18.5
 17.2
 18.1
 16.7
 19.1
 17.8
 20.4
 19.1
 20.2
 16.8
 17.5
 18.3
 19.4
 17.3
 20.1
 16.7
 19.3
 18.1
 16.6
 17.3
 20.0
 18.6
 17.4
 19.9
 18.6
 17.1
 20.3
 19.0
 17.1
 19.9
 16.4
 19.0
 17.6
 17.5
 18.3
 17.1
 17.5
 20.2
 16.9
 18.2
 20.1
 16.9
 17.3
 20.1
 16.7
 17.3
 20.1
 18.3
 17.3
 17.8
 16.6
 17.1
 19.6
 18.5
 18.6
 17.9
 18.4
 17.6
 17.9
 18.4
 19.1
 19.6
 18.3
 17.0
 19.7
 18.3
 16.9
 17.6
 18.1
 18.8
 21.1
 16.7
 19.5
 18.0
 20.4
 19.9
 20.3
 19.1
 17.8
 20.4
 17.0
 17.6
 18.3
 17.0
 18.1
 20.3
 17.0
 17.6
 18.1
 16.9
 17.5
 18.6
 16.8
 19.4
 19.9
 17.2
 19.5
 18.0
 17.1
 17.3
 21.4
 19.3
 19.7
 28.5
 17.6
 20.3
 18.9
 17.5
 18.1
 16.8
 17.4
 18.5
 16.8
 19.4
 19.5
 20.1
 19.3
 20.0
 16.5
 19.3
 20.3
 17.0
 19.6
 20.3
 17.1
 19.7
 20.3
 16.9
 19.6
 18.2
 18.6
 19.6
 20.1
 16.7
 19.5
 18.1
 17.0
 19.4
 17.9
 16.7
 19.3
 20.0
 17.1
 19.3
 18.2
 16.8
 21.3
 18.7
 19.0
 17.7
 20.3
 17.4
 17.5
 20.3
 18.9
 19.0
 18.1
 16.8
 24.7
 20.7
 17.7
 19.3
 19.9
 17.8
 18.8
 17.1
 17.7
 16.4
 19.0
 19.8
 18.4
 16.8
 19.6
 18.3
 18.9
 17.6
 18.4
 16.9
 17.4
 18.3
 18.7
 19.4
 18.0
 16.7
 17.4
 17.9
 16.5
 19.3
 17.9
 16.4
 17.0
 19.9
 18.3
 19.3
 17.8
 18.2
 17.1
 18.4
 19.1
 17.0
 22.1
 16.8
 17.5
 18.1
 16.9
 19.4
 18.1
 18.9
 17.3
 18.1
 17.7
 18.4
 19.9
 16.6
 16.9
 19.9
 16.5
 19.1
 21.7
 20.2
 19.6
 16.6
 16.8
 31.6
 18.7
 20.0
 20.0
 16.9
 17.4
 18.0
 16.5
 17.0
 19.8
 16.6
 19.2
 19.9
 26.1
 19.8
 20.2
 16.8
 18.9
 18.2
 18.5
 18.1
 20.2
 18.9
 21.5
 20.5
 17.3
 25.9
 17.1
 17.7
 21.1
 17.6
 18.3
 16.8
 19.5
 18.2
 16.8
 19.4
 18.3
 16.8
 19.3
 18.2
 17.1
 19.7
 16.5
 19.0
 19.6
 18.5
 17.0
 18.1
 18.5
 18.8
 17.5
 20.1
 16.8
 19.4
 20.0
 18.7
 19.3
 18.0
 16.6
 19.8
 17.9
 18.5
 19.2
 20.1
 18.9
 17.4
 17.9
 16.5
 17.0
 16.7
 16.4
 17.1
 19.6
 20.2
 17.0
 19.6
 18.3
 17.0
 19.4
 18.2
 18.9
 17.4
 18.2
 16.8
 18.8
 20.0
 17.1
 17.4
 18.3
 16.7
 19.4
 18.2
 18.9
 17.2
 19.9
 18.9
 17.2
 20.3
 16.7
 17.5
 18.2
 18.8
 17.5
 18.1
 23.0
 19.9
 18.5
 19.8
 19.4
 19.0
 17.9
 18.8
 18.1
 18.5
 22.4
 18.5
 17.1
 17.4
 18.0
 18.4
 17.2
 19.5
 18.7
 17.1
 17.8
 18.6
 19.5
 19.6
 18.5
 17.1
 21.3
 19.0
 19.6
 18.3
 17.0
 19.5
 18.2
 16.8
 19.7
 18.4
 16.8
 17.6
 18.3
 17.6
 17.4
 25.2
 17.2
 19.6
 18.5
 19.1
 17.8
 18.5
 17.1
 17.4
 18.4
 17.0
 20.1
 20.1
 17.6
 17.6
 18.3
 19.4
 17.9
 20.6
 17.4
 20.1
 17.8
 21.0
 18.9
 17.6
 19.8
 19.4
 17.1
 19.4
 20.4
 18.9
 17.7
 21.5
 19.7
 18.0
 17.2
 17.6
 18.3
 20.8
 18.7
 16.9
 19.2
 17.8
 18.6
 18.9
 19.8
 16.4
 17.2
 19.6
 20.7
 17.4
 18.2
 16.8
 17.5
 18.0
 18.9
 17.4
 18.0
 17.6
 17.7
 17.9
 18.2
 27.8
 18.5
 17.0
 18.2
 20.7
 17.5
 20.2
 16.7
 17.5
 18.2
 17.0
 17.4
 18.1
 16.6
 19.7
 18.0
 16.8
 20.3
 18.1
 17.6
 17.9
 18.3
 16.5
 17.2
 19.7
 18.5
 19.2
 18.3
 17.1
 17.0
 18.7
 19.7
 17.0
 19.6
 18.2
 17.5
 17.5
 18.2
 18.8
 19.5
 18.1
 16.8
 17.5
 18.1
 18.8
 25.3
 18.6
 19.1
 19.8
 17.2
 18.2
 17.8
 20.3
 17.1
 19.6
 18.3
 17.2
 17.6
 18.1
 16.8
 17.6
 20.3
 17.0
 19.4
 20.1
 16.7
 19.4
 18.0
 18.7
 17.4
 17.7
 21.9
 17.7
 18.4
 19.0
 17.6
 16.4
 18.9
 17.6
 20.2
 16.9
 19.5
 18.2
 16.8
 19.4
 18.7
 19.4
 19.4
 20.1
 16.7
 19.4
 16.7
 17.3
 18.1
 18.8
 20.0
 17.9
 16.7
 20.0
 18.2
 16.5
 17.3
 17.9
 16.6
 19.2
 17.9
 18.6
 17.1
 20.8
 17.5
 19.7
 18.3
 17.1
 19.6
 18.2
 16.9
 17.6
 18.1
 18.7
 17.3
 20.1
 18.8
 17.6
 19.9
 17.3
 19.3
 18.0
 19.1
 17.3
 17.9
 18.5
 17.2
 19.9
 20.5
 19.2
 17.8
 19.5
 19.1
 18.0
 18.2
 17.0
 19.6
 18.5
 19.3
 17.5
 18.3
 16.8
 17.5
 19.1
 20.0
 20.9
 16.9
 19.3
 19.9
 18.5
 17.4
 18.1
 19.6
 17.1
 17.8
 16.4
 17.0
 18.0
 16.5
 18.8
 17.7
 18.5
 16.9
 17.9
 18.2
 19.9
 19.6
 20.2
 16.8
 19.5
 18.2
 16.8
 19.4
 18.1
 16.9
 18.5
 17.9
 18.7
 17.3
 17.9
 18.6
 17.2
 16.6
 18.7
 17.2
 19.5
 18.5
 17.6
 17.8
 18.5
 19.3
 17.7
 16.4
 17.5
 17.6
 20.3
 19.0
 17.5
 20.2
 18.9
 17.7
 18.1
 16.8
 19.4
 20.2
 16.7
 19.4
 18.2
 16.9
 19.3
 17.9
 19.3
 21.2
 18.4
 19.0
 18.2
 18.3
 18.9
 18.3
 17.0
 18.8
 17.9
 16.9
 18.8
 19.5
 18.2
 18.8
 17.4
 18.0
 16.7
 17.5
 20.6
 17.5
 18.0
 20.9
 17.9
 20.3
 20.3
 19.5
 20.3
 19.5
 17.8
 18.5
 17.0
 18.1
 18.4
 16.8
 21.7
 16.6
 17.3
 19.8
 17.1
 19.2
 19.6
 18.9
 18.5
 19.7
 19.3
 17.6
 19.2
 18.4
 17.1
 19.6
 20.3
 17.3
 20.3
 17.5
 17.8
 19.2
 20.2
 18.9
 17.3
 20.8
 18.0
 18.0
 18.0
 18.7
 18.6
 18.5
 19.1
 17.8
 18.6
 17.7
 17.3
 18.3
 19.1
 19.7
 18.6
 19.0
 17.9
 16.7
 19.2
 19.6
 20.2
 19.6
 17.6
 17.2
 19.8
 19.4
 18.1
 17.7
 18.3
 17.3
 16.9
 18.4
 16.9
 17.7
 18.3
 17.6
 17.6
 18.2
 16.9
 17.6
 20.1
 16.8
 20.0
 18.8
 16.8
 18.2
 18.1
 16.7
 17.3
 16.7
 20.9
 19.9
 16.2
 17.6
 19.7
 21.2
 17.8
 16.5
 16.5
 19.5
 20.2
 19.0
 19.4
 20.1
 18.7
 19.0
 18.5
 23.0
 17.8
 18.5
 17.3
 19.7
 16.7
 19.8
 21.7
 19.2
 17.6
 18.2
 16.6
 17.5
 18.3
 18.8
 19.3
 18.2
 18.7
 19.1
 19.9
 18.6
 17.3
 17.9
 20.6
 19.8
 20.4
 17.3
 20.1
 16.6
 16.9
 19.5
 18.3
 18.9
 17.4
 18.3
 19.6
 18.2
 19.1
 17.0
 17.6
 21.4
 19.2
 19.9
 16.5
 18.0
 19.9
 21.7
 19.7
 17.1
 20.9
 20.2
 16.8
 17.4
 18.3
 18.9
 20.3
 18.0
 18.7
 17.2
 22.3
 19.2
 17.8
 16.7
 17.6
 17.7
 20.4
 16.9
 17.9
 18.3
 16.9
 19.5
 19.9
 18.9
 17.5
 20.3
 26.9
 19.9
 16.6
 17.3
 19.8
 20.5
 17.2
 19.8
 16.7
 19.8
 19.7
 16.6
 19.3
 17.7
 18.4
 18.1
 18.1
 20.4
 17.0
 23.5
 18.8
 17.5
 20.9
 17.3
 20.7
 19.2
 17.8
 19.0
 17.1
 17.7
 18.6
 19.1
 17.7
 16.4
 17.1
 20.3
 18.3
 17.7
 17.6
 18.2
 26.9
 20.1
 18.8
 19.3
 18.0
 17.0
 19.8
 17.9
 16.6
 19.1
 20.4
 18.5
 19.2
 18.5
 20.4
 17.1
 21.0
 19.4
 17.5
 18.8
 19.2
 19.5
 19.1
 16.7
 19.7
 21.4
 19.2
 18.1
 16.7
 17.4
 17.9
 18.1
 19.2
 19.7
 17.4
 18.0
 17.7
 16.3
 25.3
 19.7
 18.5
 17.6
 17.8
 16.6
 17.1
 17.6
 16.5
 19.0
 17.7
 18.3
 19.0
 17.6
 19.2
 16.9
 19.6
 18.2
 16.9
 17.7
 20.0
 17.5
 17.6
 18.0
 16.7
 17.4
 17.9
 18.8
 20.1
 21.9
 19.1
 19.9
 16.7
 17.2
 18.8
 18.6
 17.3
 19.7
 20.5
 19.2
 19.5
 20.3
 16.9
 17.5
 20.2
 17.1
 17.4
 18.3
 18.7
 19.3
 21.5
 19.2
 20.1
 18.5
 17.1
 19.7
 18.4
 16.6
 17.5
 17.9
 23.8
 18.0
 18.2
 20.9
 18.6
 17.8
 19.4
 20.0
 18.5
 17.6
 18.0
 19.0
 19.2
 19.8
 16.8
 17.2
 19.7
 20.5
 30.6
 18.3
 18.8
 19.5
 20.6
 21.5
 18.2
 17.0
 17.5
 18.2
 16.9
 18.8
 18.2
 18.8
 17.4
 18.0
 26.7
 18.3
 16.5
 17.2
 20.3
 19.2
 19.1
 21.2
 19.3
 17.6
 19.2
 16.6
 19.6
 20.1
 18.4
 19.8
 17.3
 18.7
 17.4
 20.2
 17.1
 17.4
 19.5
 20.7
 19.7
 16.9
 17.1
 17.7
 20.1
 17.1
 17.6
 20.7
 17.6
 18.2
 18.9
 19.3
 18.1
 16.9
 19.3
 18.0
 19.3
 17.8
 18.6
 18.6
 17.2
 17.5
 18.9
 17.4
 20.0
 18.8
 17.1
 19.8
 20.4
 30.6
 18.2
 17.1
 17.7
 18.1
 19.9
 17.5
 18.0
 17.4
 17.4
 17.9
 18.5
 18.3
 19.9
 16.8
 17.3
 21.0
 19.0
 19.7
 18.3
 18.9
 19.6
 18.2
 18.9
 19.2
 18.1
 16.6
 18.1
 18.5
 17.0
 19.7
 19.9
 17.3
 19.2
 17.8
 18.5
 17.1
 17.8
 18.3
 21.6
 18.2
 18.9
 19.5
 18.2
 16.9
 19.5
 18.1
 16.8
 17.7
 18.7
 19.3
 18.5
 18.5
 16.9
 19.6
 18.3
 17.2
 19.5
 18.2
 17.5
 18.1
 18.2
 18.8
 20.0
 18.6
 17.2
 17.7
 16.5
 17.2
 19.7
 17.4
 17.9
 17.8
 17.6
 23.6
 23.6
 19.5
 25.6
 19.7
 19.4
 18.1
 18.8
 17.5
 18.2
 18.7
 17.6
 20.3
 18.7
 21.3
 16.5
 27.1
 18.2
 17.0
 19.6
 18.3
 17.0
 25.6
 16.6
 19.6
 18.0
 16.6
 18.5
 19.8
 16.6
 19.5
 17.9
 20.8
 17.6
 18.5
 17.3
 17.6
 20.9
 17.4
 30.6
 18.7
 17.9
 18.6
 17.1
 17.9
 21.0
 19.6
 21.0
 17.5
 18.6
 18.8
 19.4
 20.1
 18.7
 17.4
 18.1
 21.7
 18.0
 16.6
 17.3
 20.9
 17.0
 19.6
 18.3
 16.9
 19.8
 18.4
 16.8
 17.4
 18.2
 18.7
 17.2
 18.0
 18.7
 19.3
 17.8
 16.6
 19.2
 20.0
 17.0
 17.2
 17.8
 18.5
 19.2
 19.8
 16.3
 19.2
 17.8
 18.6
 17.7
 19.7
 20.3
 30.7
 18.3
 16.8
 19.4
 18.1
 17.0
 19.3
 19.9
 16.9
 17.5
 19.9
 16.5
 25.3
 18.3
 19.1
 18.6
 22.3
 21.0
 16.8
 17.4
 18.0
 18.6
 17.2
 18.4
 16.9
 25.3
 20.5
 17.7
 20.1
 16.8
 17.5
 20.2
 18.9
 19.5
 19.8
 18.7
 17.2
 20.0
 18.7
 20.9
 18.5
 17.2
 17.7
 18.7
 19.4
 17.9
 20.5
 18.2
 18.1
 19.5
 17.6
 18.1
 18.8
 17.6
 18.3
 16.7
 19.3
 21.4
 20.5
 17.8
 18.4
 17.1
 17.6
 20.0
 17.0
 19.8
 19.1
 19.8
 17.8
 17.0
 16.9
 19.5
 20.1
 16.9
 18.6
 18.1
 18.8
 17.4
 20.6
 19.3
 18.2
 20.4
 17.2
 18.1
 18.6
 19.0
 17.8
 17.5
 18.2
 16.9
 17.5
 18.2
 18.8
 17.4
 20.1
 18.7
 18.8
 18.1
 20.7
 18.2
 18.5
 17.8
 18.2
 19.5
 19.0
 19.7
 16.7
 18.4
 17.7
 30.6
 17.7
 21.0
 17.5
 15.9
 18.8
 19.5
 19.9
 18.4
 17.2
 17.8
 18.5
 20.7
 18.2
 18.9
 17.9
 20.3
 19.0
 19.5
 18.4
 18.9
 21.5
 17.3
 17.2
 17.9
 16.8
 17.1
 19.8
 18.5
 30.6
 18.3
 18.5
 19.6
 18.3
 19.8
 17.4
 18.9
 19.6
 17.2
 20.2
 16.5
 19.4
 18.3
 20.4
 17.8
 20.2
 16.9
 18.0
 18.2
 16.8
 18.0
 20.2
 17.1
 17.7
 20.1
 16.7
 17.5
 17.9
 16.7
 17.3
 17.9
 20.6
 20.3
 20.5
 17.1
 17.7
 20.6
 19.4
 18.6
 25.4
 18.0
 18.6
 17.2
 18.2
 16.7
 17.3
 19.9
 19.5
 19.1
 19.9
 18.5
 19.0
 20.1
 18.5
 16.8
 18.9
 18.3
 17.0
 17.7
 18.3
 17.1
 19.5
 18.0
 19.8
 19.4
 19.2
 19.5
 18.2
 18.9
 19.5
 20.2
 18.8
 19.7
 18.0
 16.8
 20.0
 20.6
 25.5
 16.4
 17.1
 17.8
 18.2
 17.5
 19.6
 18.2
 16.9
 20.9
 18.6
 19.5
 18.4
 18.4
 17.9
 17.9
 16.5
 17.0
 18.1
 18.3
 17.2
 17.6
 18.2
 17.0
 17.5
 20.2
 16.9
 19.6
 18.2
 16.8
 19.3
 18.0
 18.7
 19.3
 20.0
 17.2
 20.3
 18.3
 19.3
 17.3
 18.6
 17.0
 18.2
 20.3
 20.3
 19.1
 18.1
 18.9
 19.6
 18.4
 19.8
 17.4
 18.1
 22.6
 17.8
 19.0
 17.2
 30.6
 17.6
 17.6
 18.1
 16.9
 17.6
 20.2
 16.8
 17.6
 19.0
 20.6
 82.3
 17.5
 17.9
 18.6
 26.2
 16.5
 17.2
 18.2
 16.3
 17.5
 17.7
 18.9
 17.0
 30.6
 17.1
 17.4
 18.1
 18.6
 19.4
 20.0
 18.9
 17.2
 18.4
 18.5
 17.2
 17.9
 16.5
 17.2
 19.3
 18.4
 18.9
 18.1
 20.4
 18.5
 17.2
 17.9
 16.9
 17.2
 17.8
 18.5
 19.1
 18.1
 18.5
 18.9
 15.2
 20.3
 19.1
 18.5
 18.4
 17.1
 19.5
 18.9
 16.9
 18.0
 20.1
 16.7
 20.8
 16.6
 17.4
 18.1
 16.5
 19.1
 17.9
 18.2
 17.2
 18.6
 17.2
 19.1
 19.8
 19.2
 19.1
 17.9
 20.3
 16.9
 18.0
 18.5
 16.9
 17.5
 20.2
 17.3
 19.5
 18.2
 20.6
 18.4
 18.6
 17.3
 23.1
 18.9
 17.9
 20.3
 19.1
 17.6
 18.3
 18.3
 17.6
 20.2
 17.4
 17.6
 18.1
 20.8
 18.0
 20.6
 20.6
 18.2
 17.6
 20.2
 18.9
 17.7
 18.4
 18.8
 18.1
 18.1
 19.1
 19.3
 20.1
 18.6
 25.3
 18.5
 20.2
 19.8
 18.4
 17.0
 18.0
 20.0
 18.6
 17.6
 18.6
 19.1
 20.2
 18.3
 17.1
 17.5
 20.2
 19.1
 17.2
 18.1
 16.7
 17.4
 18.3
 17.0
 17.5
 18.2
 15.6
 19.3
 19.9
 18.7
 19.2
 18.9
 19.0
 17.3
 17.8
 21.8
 17.6
 17.6
 19.0
 17.6
 18.4
 19.5
 17.4
 24.3
 20.8
 21.2
 18.3
 20.3
 18.3
 30.6
 18.8
 20.8
 16.6
 19.3
 18.4
 20.4
 17.7
 18.3
 16.9
 19.6
 19.5
 18.8
 17.7
 18.3
 18.9
 18.1
 16.6
 17.0
 17.5
 17.9
 16.8
 17.4
 19.8
 20.6
 19.8
 18.5
 30.6
 18.6
 17.0
 17.7
 18.9
 16.9
 19.6
 20.0
 17.2
 17.7
 24.0
 21.4
 20.4
 18.7
 19.7
 18.3
 19.3
 19.6
 19.0
 17.0
 17.6
 16.4
 16.9
 17.3
 20.1
 18.8
 17.3
 21.4
 18.8
 18.7
 16.5
 19.1
 25.4
 24.9
 18.2
 16.8
 18.4
 20.1
 20.5
 20.0
 16.6
 19.6
 18.1
 18.6
 18.6
 17.6
 21.3
 19.7
 20.3
 18.8
 19.6
 20.2
 19.2
 17.7
 19.9
 17.9
 20.3
 20.2
 18.8
 17.4
 18.1
 16.7
 17.9
 18.0
 17.5
 19.3
 18.0
 16.4
 18.2
 17.3
 17.7
 16.8
 17.0
 19.4
 18.5
 16.9
 19.6
 18.4
 18.9
 19.7
 20.1
 16.8
 17.4
 20.2
 18.7
 19.4
 18.0
 18.6
 17.3
 18.3
 16.5
 17.3
 18.1
 17.5
 17.2
 19.9
 16.5
 19.2
 17.7
 18.1
 17.4
 17.8
 16.6
 17.0
 19.9
 20.5
 21.4
 18.6
 17.3
 18.0
 16.7
 17.1
 25.3
 19.1
 17.7
 20.2
 17.0
 17.6
 18.3
 17.1
 17.6
 18.2
 16.7
 18.1
 18.4
 18.4
 17.4
 24.1
 19.3
 17.9
 20.5
 20.7
 17.0
 17.4
 17.9
 16.8
 19.6
 22.2
 17.8
 17.0
 17.1
 18.8
 16.4
 19.0
 19.6
 16.8
 17.3
 19.8
 18.2
 17.1
 17.9
 18.2
 19.0
 19.4
 20.0
 16.6
 17.6
 20.0
 16.7
 17.5
 18.2
 18.8
 17.2
 20.0
 16.8
 17.1
 18.1
 16.6
 19.2
 18.0
 17.0
 17.2
 19.8
 20.7
 17.6
 20.3
 19.0
 19.5
 18.1
 18.8
 19.4
 20.3
 20.5
 19.4
 17.9
 18.7
 20.9
 16.6
 19.3
 17.8
 18.2
 18.5
 17.7
 20.4
 19.1
 17.2
 18.3
 18.0
 20.5
 19.3
 25.8
 18.4
 19.4
 18.0
 18.5
 17.5
 17.8
 16.7
 17.1
 17.7
 16.4
 18.9
 18.6
 18.3
 20.9
 22.4
 19.2
 19.2
 20.0
 17.3
 18.5
 22.2
 21.4
 20.9
 18.4
 16.7
 30.7
 16.5
 19.7
 22.7
 20.1
 20.7
 15.2
 21.2
 18.7
 19.8
 18.5
 19.7
 20.3
 16.4
 19.0
 17.9
 18.3
 20.0
 18.1
 20.4
 17.3
 19.1
 16.7
 19.2
 19.4
 18.3
 19.4
 18.8
 20.2
 17.1
 17.5
 18.1
 16.8
 19.4
 20.0
 16.8
 17.4
 20.1
 20.2
 18.2
 18.9
 17.2
 17.7
 18.5
 19.1
 19.7
 20.4
 17.1
 17.9
 18.3
 17.0
 17.6
 18.1
 19.3
 19.5
 18.2
 19.2
 17.5
 18.2
 19.9
 17.3
 18.6
 16.7
 19.6
 20.0
 16.8
 17.2
 20.0
 16.5
 20.8
 20.1
 19.1
 18.5
 21.5
 18.8
 20.8
 19.3
 20.0
 16.6
 17.5
 17.8
 16.6
 17.3
 17.8
 22.4
 17.8
 20.9
 17.5
 18.1
 18.8
 17.4
 20.1
 18.7
 19.3
 17.9
 17.1
 19.2
 19.9
 16.8
 25.0
 18.3
 17.3
 19.6
 20.3
 17.7
 17.5
 18.0
 18.1
 19.3
 18.0
 16.6
 19.3
 17.9
 18.6
 17.1
 17.8
 18.5
 19.2
 19.8
 16.9
 19.0
 18.5
 21.2
 17.8
 18.7
 18.8
 18.7
 20.1
 17.0
 17.8
 19.9
 18.7
 19.6
 19.9
 16.6
 19.3
 17.9
 18.6
 19.1
 17.8
 18.5
 19.1
 19.8
 21.1
 17.6
 18.0
 16.9
 17.6
 18.2
 18.0
 17.5
 21.4
 17.6
 18.2
 16.6
 17.1
 19.9
 16.5
 17.4
 19.9
 18.3
 20.9
 18.5
 19.4
 20.0
 18.7
 17.4
 19.9
 17.3
 17.3
 19.9
 16.8
 19.3
 17.7
 18.5
 18.7
 17.8
 18.5
 19.1
 17.7
 16.9
 19.4
 18.2
 17.3
 17.7
 16.4
 18.8
 19.4
 20.0
 16.7
 19.2
 17.8
 18.4
 19.1
 17.7
 18.6
 16.8
 30.5
 16.7
 18.3
 20.1
 17.9
 15.7
 20.0
 17.2
 15.6
 18.0
 18.5
 17.2
 18.5
 18.4
 17.2
 18.1
 17.3
 17.4
 19.8
 14.5
 19.1
 18.0
 17.0
 30.1
 30.7
 20.7
 17.4
 19.2
 17.8
 20.5
 17.6
 21.4
 17.3
 18.4
 18.9
 20.9
 16.6
 17.5
 20.3
 17.8
 17.2
 25.3
 19.0
 19.7
 18.3
 21.0
 18.1
 17.2
 17.4
 20.0
 17.0
 17.6
 18.2
 17.6
 17.6
 18.4
 16.8
 30.7
 17.0
 17.8
 18.1
 16.6
 22.2
 20.3
 17.0
 18.0
 18.6
 18.7
 19.9
 22.3
 20.2
 18.1
 16.9
 17.4
 20.1
 16.6
 18.0
 17.2
 17.8
 20.7
 17.7
 18.4
 17.5
 20.9
 18.7
 30.6
 16.6
 17.2
 17.9
 17.1
 17.7
 20.5
 19.5
 20.6
 17.5
 18.1
 18.7
 18.9
 18.8
 18.7
 21.3
 18.4
 17.2
 19.0
 18.4
 20.4
 19.7
 20.2
 16.9
 17.6
 18.8
 17.2
 17.7
 18.2
 15.4
 17.9
 18.5
 18.8
 17.4
 18.1
 16.7
 18.1
 17.9
 18.6
 17.3
 18.0
 18.6
 17.3
 17.8
 16.8
 19.8
 17.6
 19.3
 22.0
 18.2
 20.9
 19.9
 16.7
 17.7
 18.1
 19.1
 18.2
 21.9
 17.4
 19.5
 16.5
 17.0
 19.5
 16.3
 19.3
 17.7
 18.2
 17.0
 17.6
 18.2
 17.0
 19.6
 20.2
 19.3
 23.4
 19.0
 17.3
 18.2
 22.0
 20.4
 20.4
 17.1
 19.8
 20.3
 17.3
 19.2
 18.3
 19.1
 17.6
 20.2
 28.1
 18.7
 18.6
 18.2
 19.9
 18.6
 19.3
 18.1
 27.8
 17.7
 18.4
 20.7
 18.3
 18.9
 17.4
 18.2
 20.3
 17.4
 20.6
 17.2
 17.7
 20.6
 19.8
 18.4
 17.0
 30.7
 25.3
 17.9
 16.7
 17.4
 19.9
 18.4
 17.2
 19.9
 18.8
 19.1
 18.2
 17.2
 17.0
 19.3
 16.4
 17.0
 17.6
 18.2
 19.2
 17.5
 20.2
 25.3
 17.9
 18.3
 19.5
 18.1
 16.6
 17.7
 17.9
 16.6
 17.2
 21.0
 18.1
 17.8
 18.8
 17.1
 17.5
 18.3
 17.1
 19.9
 20.2
 20.9
 20.1
 16.8
 17.3
 28.5
 19.1
 17.8
 16.6
 18.8
 18.0
 18.3
 19.1
 17.7
 20.2
 17.5
 19.6
 18.6
 18.7
 17.6
 20.5
 17.8
 18.0
 18.7
 19.6
 17.8
 18.6
 19.3
 18.1
 19.7
 18.9
 19.8
 16.8
 17.2
 18.0
 16.6
 19.1
 17.7
 18.7
 17.0
 17.7
 20.4
 19.5
 18.5
 19.0
 19.3
 18.1
 18.7
 19.8
 18.0
 19.2
 17.2
 19.7
 16.6
 17.3
 20.1
 20.7
 17.7
 30.4
 18.2
 20.3
 16.8
 21.0
 17.8
 19.3
 17.8
 18.7
 17.3
 18.4
 14.5
 17.1
 21.4
 18.9
 17.5
 18.2
 17.4
 19.5
 20.2
 22.0
 18.7
 18.9
 17.4
 20.0
 19.0
 19.2
 18.8
 16.5
 17.3
 17.8
 18.4
 19.1
 18.5
 18.0
 19.0
 19.9
 18.4
 25.3
 16.8
 19.3
 17.8
 18.5
 19.3
 19.9
 16.5
 17.6
 20.8
 18.0
 17.5
 20.4
 18.9
 17.6
 18.4
 18.7
 17.0
 18.2
 16.8
 18.3
 18.6
 17.2
 19.4
 18.1
 16.8
 18.4
 18.5
 19.1
 17.1
 17.9
 18.3
 19.1
 19.9
 16.5
 19.2
 19.8
 16.7
 18.9
 17.7
 18.7
 17.0
 19.4
 18.2
 17.1
 18.9
 19.5
 16.5
 17.5
 18.3
 19.2
 17.5
 18.9
 16.8
 17.4
 18.3
 16.9
 19.4
 17.9
 16.6
 19.2
 18.0
 16.8
 25.8
 20.4
 16.9
 25.7
 16.7
 21.1
 17.2
 19.3
 19.7
 22.8
 20.2
 18.3
 17.0
 19.7
 20.5
 19.7
 20.2
 20.5
 18.2
 17.2
 17.4
 19.9
 17.6
 19.9
 17.6
 18.4
 16.8
 19.7
 20.2
 16.6
 17.3
 19.6
 16.7
 19.4
 18.2
 16.8
 17.3
 17.8
 19.0
 17.2
 21.8
 18.9
 17.6
 18.5
 17.0
 19.7
 20.3
 17.0
 19.7
 20.2
 17.0
 22.4
 18.2
 19.3
 19.1
 19.9
 18.8
 17.1
 18.4
 20.1
 30.6
 21.6
 19.4
 20.3
 16.6
 19.2
 20.0
 16.9
 18.5
 17.7
 16.5
 19.8
 17.8
 18.5
 17.4
 21.8
 17.8
 19.5
 20.4
 19.1
 17.2
 17.8
 20.0
 16.6
 25.3
 18.4
 17.5
 18.0
 18.4
 18.9
 17.7
 18.9
 20.1
 17.6
 18.3
 16.7
 17.5
 18.2
 16.9
 19.5
 18.7
 18.8
 17.5
 18.3
 17.3
 19.3
 21.1
 18.3
 17.6
 20.6
 18.8
 17.9
 18.1
 16.3
 16.9
 18.1
 18.5
 16.8
 17.9
 18.2
 17.0
 19.4
 20.1
 19.5
 17.4
 20.0
 19.3
 17.7
 18.0
 20.7
 19.9
 25.3
 20.9
 18.4
 17.7
 19.7
 22.0
 17.7
 18.1
 16.9
 17.4
 20.1
 18.1
 17.9
 20.0
 18.7
 17.3
 19.8
 16.8
 17.2
 19.9
 21.0
 18.4
 18.4
 19.0
 17.6
 20.4
 17.0
 20.7
 16.8
 19.5
 19.7
 18.1
 18.4
 20.0
 20.3
 17.9
 18.5
 17.1
 17.8
 18.6
 20.1
 18.4
 18.3
 17.0
 17.7
 18.4
 16.9
 17.6
 20.3
 18.9
 17.6
 20.1
 17.0
 18.2
 18.2
 17.1
 17.6
 20.0
 17.9
 19.7
 18.3
 19.4
 19.3
 20.1
 18.7
 19.2
 17.6
 17.8
 17.3
 18.8
 16.7
 17.4
 19.0
 21.3
 17.6
 19.4
 16.8
 17.9
 18.2
 18.8
 17.5
 18.6
 17.7
 19.4
 18.1
 18.8
 17.3
 18.0
 16.6
 17.3
 19.9
 16.6
 21.1
 18.4
 17.1
 19.7
 19.3
 17.0
 25.1
 17.5
 19.4
 17.9
 19.3
 17.1
 18.9
 16.6
 17.2
 17.9
 16.6
 17.3
 19.8
 16.5
 19.1
 17.8
 20.4
 17.1
 18.6
 18.3
 19.8
 17.6
 18.7
 17.3
 19.9
 17.3
 19.2
 17.8
 20.6
 17.2
 17.7
 16.5
 19.2
 17.9
 20.3
 19.0
 19.7
 18.0
 18.9
 17.3
 17.7
 20.4
 17.6
 18.6
 19.0
 19.6
 18.2
 17.0
 18.5
 20.6
 17.0
 19.7
 18.0
 17.3
 17.5
 18.5
 17.0
 17.8
 18.2
 17.8
 17.8
 18.3
 18.6
 19.4
 18.3
 17.4
 19.3
 17.9
 18.6
 19.2
 17.9
 20.1
 21.1
 20.4
 27.0
 16.8
 19.2
 18.0
 16.7
 20.5
 20.0
 18.7
 19.0
 19.9
 16.5
 19.2
 21.2
 19.0
 17.6
 18.3
 17.5
 19.6
 20.5
 19.7
 18.0
 18.6
 17.4
 17.9
 17.0
 17.5
 19.8
 19.1
 17.2
 18.6
 18.5
 19.9
 17.7
 18.4
 17.7
 19.8
 19.3
 19.0
 18.1
 20.4
 18.9
 19.7
 18.1
 18.9
 20.0
 18.2
 18.8
 19.5
 16.4
 18.7
 19.4
 20.1
 16.9
 17.9
 20.0
 16.7
 20.2
 17.8
 16.9
 17.1
 17.9
 18.8
 17.2
 17.9
 18.5
 17.1
 17.8
 18.4
 17.0
 17.7
 20.3
 17.0
 17.8
 16.3
 19.0
 19.5
 18.2
 16.8
 19.4
 20.1
 17.5
 17.3
 20.1
 17.1
 25.6
 16.5
 17.2
 18.1
 16.5
 17.2
 17.8
 16.5
 19.0
 17.8
 20.3
 16.9
 18.1
 18.1
 17.3
 25.6
 16.4
 17.6
 20.0
 16.6
 17.1
 17.9
 16.5
 19.2
 17.8
 18.5
 17.1
 19.8
 19.4
 19.1
 19.7
 23.6
 19.7
 18.2
 19.9
 17.4
 18.1
 18.8
 17.4
 20.3
 16.7
 17.8
 19.9
 16.8
 17.3
 18.5
 18.8
 19.2
 18.4
 18.4
 17.1
 17.8
 16.5
 19.1
 20.5
 18.6
 17.0
 17.7
 18.0
 18.5
 19.6
 21.3
 18.6
 20.1
 20.5
 20.4
 18.4
 20.6
 20.2
 16.9
 19.8
 20.1
 20.2
 19.4
 18.2
 18.7
 18.7
 18.0
 18.4
 19.3
 17.9
 18.6
 19.5
 17.9
 18.5
 19.2
 17.8
 18.4
 17.2
 17.7
 18.4
 18.3
 18.9
 17.1
 19.9
 20.4
 17.0
 17.6
 20.4
 16.9
 17.6
 18.2
 18.8
 17.6
 18.0
 19.6
 17.7
 20.4
 17.0
 18.6
 17.9
 17.8
 17.8
 19.2
 17.6
 18.0
 16.6
 18.6
 17.7
 17.0
 17.3
 19.1
 17.8
 19.2
 18.4
 18.2
 19.1
 17.0
 17.7
 20.3
 18.9
 19.3
 17.3
 17.8
 17.5
 17.7
 18.9
 19.5
 20.1
 19.4
 19.4
 16.0
 20.1
 17.8
 19.2
 18.9
 17.3
 18.0
 17.3
 19.2
 21.0
 17.1
 19.8
 16.2
 17.0
 19.6
 18.4
 16.9
 17.6
 18.2
 18.9
 17.5
 20.1
 16.8
 17.4
 20.1
 18.9
 19.3
 18.0
 16.7
 19.4
 18.2
 18.6
 17.3
 18.1
 18.5
 17.3
 19.8
 16.5
 19.0
 17.7
 19.2
 17.0
 17.6
 18.6
 19.5
 19.8
 20.1
 16.9
 19.5
 18.3
 16.8
 19.0
 18.0
 16.6
 27.4
 18.6
 17.2
 19.9
 16.5
 17.2
 18.5
 16.4
 17.1
 17.7
 18.4
 17.0
 17.7
 19.5
 17.5
 17.6
 18.2
 18.9
 17.5
 18.1
 19.4
 17.7
 17.4
 19.3
 17.9
 16.6
 17.6
 19.9
 18.5
 17.4
 17.8
 18.2
 18.2
 19.0
 18.0
 18.1
 18.8
 19.3
 18.1
 18.6
 17.2
 17.9
 18.7
 19.2
 18.0
 18.5
 18.9
 19.8
 18.3
 19.3
 19.7
 21.4
 18.0
 18.1
 18.9
 17.4
 18.1
 18.9
 19.3
 18.6
 16.8
 17.5
 18.3
 16.8
 17.1
 17.8
 18.5
 19.2
 18.8
 17.5
 18.0
 17.2
 17.4
 16.6
 18.8
 19.1
 18.8
 19.1
 17.3
 18.5
 18.3
 17.0
 17.9
 20.3
 16.9
 17.6
 18.6
 16.9
 18.0
 18.1
 16.7
 17.8
 18.0
 18.7
 19.4
 18.4
 19.0
 19.7
 18.2
 18.6
 17.2
 20.0
 21.6
 18.3
 18.3
 18.8
 19.6
 18.2
 16.8
 17.5
 19.8
 18.5
 17.4
 18.2
 16.9
 17.3
 18.0
 18.9
 19.3
 18.1
 18.8
 18.8
 21.5
 24.6
 20.0
 18.2
 17.1
 19.4
 17.9
 19.0
 19.3
 18.2
 18.9
 18.3
 18.7
 16.6
 19.5
 19.8
 18.5
 17.1
 20.0
 18.6
 19.1
 18.6
 18.3
 17.3
 19.7
 18.2
 17.1
 17.7
 20.3
 17.0
 25.5
 17.1
 19.4
 18.5
 18.6
 19.3
 18.0
 19.0
 17.6
 18.0
 18.9
 17.1
 19.8
 18.5
 17.1
 18.0
 16.7
 17.3
 19.7
 16.5
 17.3
 19.9
 18.4
 17.0
 17.4
 20.6
 21.0
 18.6
 19.6
 18.0
 18.5
 19.1
 17.7
 19.8
 17.9
 18.5
 18.4
 17.0
 20.0
 18.5
 19.0
 18.6
 18.3
 17.1
 17.6
 18.5
 19.7
 19.6
 19.6
 18.8
 18.1
 20.1
 17.2
 25.2
 20.6
 18.0
 18.5
 82.6
 18.1
 17.3
 19.6
 18.4
 16.9
 19.5
 18.2
 17.9
 18.0
 19.3
 19.0
 19.4
 18.5
 18.9
 17.3
 19.9
 18.6
 17.3
 20.9
 17.6
 30.6
 18.9
 16.3
 21.9
 17.7
 18.4
 18.1
 18.1
 17.9
 16.8
 17.6
 17.9
 16.5
 19.2
 19.8
 19.5
 17.1
 17.8
 16.4
 19.3
 18.9
 18.4
 18.4
 17.6
 20.2
 17.5
 19.9
 17.9
 16.9
 30.5
 20.6
 14.4
 22.4
 19.7
 18.3
 17.1
 29.4
 20.4
 16.6
 17.3
 21.1
 18.1
 19.7
 16.5
 18.3
 17.9
 18.2
 16.9
 19.6
 18.6
 17.1
 17.6
 20.2
 17.1
 19.8
 19.6
 16.8
 19.7
 20.1
 16.7
 19.3
 18.0
 18.7
 19.3
 20.0
 16.9
 17.2
 17.9
 20.4
 17.1
 19.8
 16.5
 18.1
 19.8
 18.4
 17.2
 18.1
 18.3
 17.2
 17.7
 18.3
 19.0
 17.8
 16.6
 16.9
 19.8
 18.1
 18.1
 17.8
 19.1
 18.7
 17.6
 18.2
 19.0
 17.9
 20.0
 18.6
 19.3
 20.9
 17.8
 17.9
 18.5
 19.1
 17.8
 18.8
 16.9
 19.7
 30.8
 19.5
 20.3
 18.8
 19.4
 20.0
 20.6
 17.8
 20.5
 17.1
 17.7
 18.4
 19.1
 18.2
 16.3
 17.0
 20.3
 17.0
 17.2
 19.7
 18.4
 18.9
 18.0
 20.3
 18.8
 17.6
 18.7
 18.8
 19.5
 18.0
 16.9
 17.3
 19.9
 16.6
 17.3
 17.8
 16.7
 19.1
 18.1
 18.5
 17.5
 18.2
 17.7
 17.0
 18.0
 18.4
 16.9
 17.6
 16.4
 19.4
 19.6
 18.3
 16.8
 19.5
 20.1
 18.7
 19.4
 18.1
 18.5
 18.4
 18.0
 17.2
 17.3
 21.9
 18.2
 17.9
 18.7
 17.3
 18.9
 17.8
 18.3
 17.8
 20.0
 19.0
 18.9
 17.4
 17.6
 24.5
 18.7
 17.4
 18.0
 16.7
 17.4
 18.0
 18.6
 19.2
 19.7
 17.6
 17.3
 20.3
 18.5
 17.2
 17.8
 18.7
 17.7
 20.6
 17.4
 19.6
 18.4
 18.8
 19.4
 18.4
 17.1
 17.4
 20.2
 19.0
 19.4
 18.0
 18.7
 17.0
 18.1
 17.0
 19.3
 18.1
 17.7
 17.6
 17.8
 18.9
 17.3
 18.0
 19.4
 17.1
 17.9
 19.0
 19.1
 18.1
 20.8
 19.4
 18.0
 18.6
 19.4
 26.5
 19.1
 17.8
 17.4
 19.9
 19.1
 17.0
 18.1
 19.7
 20.8
 18.0
 17.7
 15.5
 17.3
 17.8
 16.4
 17.3
 19.7
 18.9
 15.3
 19.9
 20.3
 16.9
 17.7
 18.5
 17.2
 17.6
 18.2
 19.7
 18.9
 21.7
 18.6
 17.2
 18.1
 16.6
 18.9
 17.7
 18.6
 19.0
 17.6
 20.3
 17.0
 17.8
 18.5
 30.7
 20.2
 21.0
 19.8
 16.8
 17.8
 18.9
 16.5
 19.1
 17.8
 16.7
 17.6
 17.7
 22.2
 17.5
 20.1
 19.1
 20.0
 18.3
 16.9
 18.9
 19.2
 20.3
 17.3
 18.3
 16.8
 17.2
 17.9
 17.0
 17.4
 18.5
 20.3
 17.1
 18.0
 18.5
 17.1
 17.9
 17.7
 18.9
 17.8
 19.8
 16.9
 17.6
 18.5
 17.2
 19.9
 20.5
 17.4
 17.8
 18.6
 13.3
 18.0
 16.5
 19.2
 17.7
 19.0
 17.0
 19.7
 16.5
 18.9
 17.7
 20.1
 17.1
 17.4
 20.1
 16.8
 21.2
 18.5
 21.1
 28.1
 17.5
 20.2
 19.4
 17.5
 18.4
 18.9
 18.1
 20.0
 17.4
 17.4
 18.0
 16.6
 17.3
 18.0
 16.8
 17.5
 19.9
 20.5
 23.2
 20.0
 17.7
 20.2
 18.3
 18.9
 17.6
 18.4
 17.1
 17.5
 19.0
 16.7
 19.6
 20.1
 19.0
 19.1
 18.2
 18.6
 21.4
 18.5
 17.2
 19.8
 18.4
 19.8
 19.7
 16.5
 19.0
 17.7
 20.4
 18.9
 17.6
 18.4
 17.2
 19.1
 20.6
 17.6
 17.9
 16.7
 17.4
 20.1
 17.7
 19.2
 19.9
 17.0
 29.2
 20.2
 17.9
 19.7
 18.5
 18.9
 26.4
 19.5
 17.9
 20.0
 16.8
 19.3
 18.3
 16.9
 17.3
 18.4
 16.8
 17.1
 18.0
 16.6
 17.1
 19.9
 16.7
 17.1
 20.2
 20.6
 17.9
 20.0
 18.3
 16.9
 17.8
 18.2
 16.8
 17.4
 18.3
 17.1
 21.3
 16.6
 19.1
 19.8
 18.7
 19.1
 20.9
 17.7
 25.6
 18.7
 17.3
 20.0
 17.2
 19.3
 17.9
 18.6
 17.7
 19.9
 19.8
 16.7
 19.1
 19.6
 16.6
 19.0
 17.9
 18.7
 17.1
 17.6
 20.3
 17.6
 17.9
 18.5
 18.9
 17.9
 19.1
 17.3
 19.5
 20.1
 17.0
 17.4
 20.1
 16.7
 17.8
 18.0
 16.8
 19.2
 14.2
 18.5
 19.0
 19.2
 18.1
 18.7
 17.1
 18.0
 18.2
 17.1
 17.6
 18.2
 18.9
 18.2
 18.4
 19.3
 19.6
 18.2
 18.9
 19.6
 20.1
 18.7
 15.8
 18.2
 16.7
 19.1
 16.6
 19.8
 18.3
 17.1
 17.6
 19.0
 18.8
 19.3
 20.0
 19.9
 17.9
 18.7
 18.6
 21.2
 18.4
 19.7
 20.8
 17.0
 17.6
 18.1
 18.9
 17.8
 20.5
 17.6
 18.0
 20.6
 17.8
 19.3
 17.1
 20.1
 20.4
 17.2
 18.0
 20.3
 17.0
 17.7
 18.2
 16.8
 20.7
 19.8
 20.3
 18.3
 18.6
 17.3
 19.8
 16.5
 17.3
 18.1
 18.5
 19.2
 18.6
 16.8
 19.1
 19.8
 16.5
 17.5
 19.7
 17.3
 17.5
 17.7
 17.2
 21.0
 18.5
 19.0
 17.6
 18.3
 18.9
 19.3
 18.4
 18.6
 18.1
 18.2
 16.8
 19.2
 18.1
 18.9
 19.2
 18.0
 19.0
 19.4
 18.2
 18.1
 17.0
 19.7
 18.3
 20.4
 17.8
 18.3
 17.1
 19.7
 19.9
 17.5
 17.8
 18.9
 17.5
 19.4
 18.0
 17.4
 19.3
 20.0
 16.5
 19.2
 20.3
 18.4
 19.2
 19.8
 17.0
 19.1
 18.0
 18.8
 17.0
 18.8
 18.5
 17.6
 19.6
 17.0
 17.3
 19.9
 19.6
 20.5
 17.3
 17.5
 21.0
 19.8
 18.0
 16.9
 17.3
 21.4
 17.1
 18.9
 17.1
 17.3
 20.1
 16.3
 17.2
 18.1
 18.3
 20.4
 17.8
 20.2
 18.9
 17.5
 20.1
 18.8
 18.1
 18.1
 16.7
 19.4
 20.0
 16.9
 21.3
 16.8
 19.1
 18.8
 18.4
 17.1
 19.7
 16.6
 17.5
 18.3
 18.2
 17.1
 17.7
 18.2
 18.9
 17.8
 18.7
 18.7
 19.4
 18.3
 18.7
 17.3
 18.1
 18.4
 19.5
 20.3
 18.6
 19.9
 18.0
 20.7
 19.8
 18.9
 19.2
 20.0
 17.0
 17.2
 19.8
 18.3
 17.1
 17.8
 20.4
 17.2
 17.8
 18.2
 18.8
 17.7
 18.0
 16.7
 19.4
 18.9
 16.7
 17.6
 20.0
 17.4
 77.4
 20.0
 18.9
 17.5
 17.9
 18.6
 17.5
 19.9
 18.6
 17.2
 19.8
 18.4
 19.7
 18.0
 16.7
 18.3
 17.9
 16.5
 19.0
 17.8
 18.5
 17.0
 19.5
 18.3
 16.9
 18.2
 18.2
 16.8
 17.5
 18.3
 19.9
 17.4
 20.0
 16.7
 17.3
 19.9
 16.3
 17.4
 19.2
 19.7
 22.7
 19.7
 16.8
 18.7
 19.3
 18.7
 16.7
 19.3
 17.9
 18.6
 19.5
 18.2
 18.5
 17.1
 19.9
 18.7
 19.0
 18.0
 16.4
 18.7
 17.6
 18.4
 18.9
 17.6
 18.5
 18.9
 17.6
 18.2
 16.8
 17.5
 19.4
 16.8
 19.5
 20.1
 18.7
 19.4
 18.4
 17.0
 18.0
 13.9
 19.1
 20.3
 19.9
 30.7
 17.8
 18.5
 18.9
 18.2
 18.3
 18.9
 17.6
 18.2
 17.7
 18.2
 19.1
 16.7
 17.2
 18.8
 20.8
 20.2
 16.6
 17.2
 19.8
 27.4
 19.9
 16.8
 17.1
 19.6
 20.2
 16.9
 19.8
 18.7
 18.6
 18.0
 21.5
 27.3
 16.4
 19.6
 22.5
 17.1
 19.5
 20.2
 18.8
 19.8
 18.3
 16.8
 17.4
 19.9
 17.3
 19.4
 18.4
 17.0
 17.5
 18.0
 16.6
 17.2
 19.8
 19.0
 19.1
 19.9
 18.7
 17.0
 17.6
 18.3
 19.2
 19.9
 18.5
 19.2
 19.5
 18.5
 17.1
 17.0
 17.4
 20.2
 16.7
 17.5
 18.0
 16.6
 17.6
 19.1
 16.5
 17.3
 20.1
 16.7
 18.2
 20.0
 16.5
 18.2
 17.9
 18.5
 19.4
 19.8
 16.4
 19.3
 19.6
 14.4
 19.0
 19.6
 20.3
 17.4
 25.7
 30.6
 19.7
 17.9
 17.2
 19.8
 16.5
 19.2
 19.7
 18.2
 17.1
 19.8
 18.9
 19.1
 19.7
 18.2
 17.0
 17.9
 20.2
 18.3
 18.2
 20.5
 19.0
 19.8
 18.6
 17.5
 18.6
 18.6
 17.0
 19.5
 18.2
 16.8
 19.1
 20.3
 20.8
 18.1
 18.0
 19.3
 19.9
 22.2
 17.7
 16.5
 19.1
 20.0
 18.4
 17.4
 17.9
 18.3
 17.0
 18.0
 18.0
 18.0
 20.1
 18.5
 18.0
 17.8
 20.3
 17.0
 18.0
 20.4
 17.1
 20.3
 18.3
 19.0
 17.7
 17.7
 16.9
 17.3
 20.2
 17.3
 19.5
 20.4
 19.1
 15.9
 18.1
 15.2
 17.9
 18.0
 16.6
 19.4
 20.2
 21.2
 20.9
 17.5
 17.6
 18.7
 18.9
 17.5
 18.4
 19.7
 21.4
 16.8
 17.3
 19.8
 17.4
 18.5
 19.8
 20.6
 19.7
 18.3
 17.7
 19.7
 18.1
 15.5
 19.5
 20.8
 18.7
 19.4
 18.2
 20.5
 17.8
 18.1
 22.0
 19.3
 19.2
 19.5
 18.1
 19.6
 17.4
 18.6
 17.2
 19.4
 20.1
 17.3
 19.4
 18.5
 16.7
 17.3
 18.4
 16.6
 18.5
 18.5
 21.2
 19.0
 19.6
 18.3
 18.9
 17.9
 18.4
 17.1
 17.5
 20.2
 17.0
 17.9
 18.1
 16.8
 17.4
 20.0
 16.7
 17.3
 18.0
 16.6
 17.3
 17.9
 20.6
 17.8
 20.3
 18.2
 20.2
 18.4
 19.0
 18.5
 19.8
 16.9
 17.6
 18.2
 16.7
 20.1
 17.6
 30.7
 18.5
 25.9
 20.2
 17.5
 18.7
 20.3
 16.9
 19.3
 20.1
 17.5
 19.9
 19.9
 17.0
 20.2
 18.2
 16.9
 19.3
 19.9
 16.6
 19.2
 18.2
 20.5
 17.8
 20.4
 19.0
 17.6
 16.9
 18.6
 19.6
 19.9
 17.2
 17.8
 20.1
 19.0
 17.5
 18.1
 18.9
 17.4
 18.0
 16.8
 17.4
 20.6
 18.6
 19.8
 18.5
 19.3
 19.9
 16.7
 17.3
 17.5
 18.1
 16.4
 17.1
 17.7
 18.3
 16.9
 19.6
 16.5
 19.5
 17.8
 18.1
 17.5
 18.3
 20.4
 18.8
 17.7
 19.1
 18.8
 19.3
 37.8
 19.7
 18.3
 17.0
 18.0
 20.2
 18.9
 18.3
 18.6
 19.8
 18.2
 22.8
 18.1
 17.8
 19.4
 20.0
 20.6
 18.1
 18.4
 19.2
 17.7
 18.3
 17.1
 17.6
 18.2
 18.9
 17.9
 18.2
 16.9
 17.5
 18.5
 18.9
 18.1
 20.2
 16.8
 17.4
 20.0
 17.1
 19.3
 21.1
 17.2
 17.7
 18.6
 17.1
 18.0
 17.8
 18.9
 19.8
 18.3
 21.5
 20.3
 16.8
 19.4
 20.0
 17.8
 19.4
 18.1
 16.7
 27.2
 18.5
 17.4
 19.8
 16.8
 20.3
 18.5
 21.1
 19.6
 18.1
 16.8
 17.7
 17.9
 16.8
 19.3
 18.7
 18.7
 17.2
 18.0
 18.7
 19.2
 19.9
 17.4
 19.2
 17.8
 16.4
 17.2
 17.8
 16.4
 17.4
 20.1
 17.2
 17.3
 21.4
 20.1
 24.7
 18.9
 17.3
 18.0
 17.0
 17.2
 18.4
 29.2
 19.7
 20.4
 16.9
 19.7
 20.3
 19.0
 17.6
 17.0
 17.5
 18.0
 16.9
 19.9
 18.1
 16.9
 19.8
 18.0
 16.6
 17.5
 18.1
 19.6
 17.5
 19.9
 16.8
 25.6
 18.5
 29.0
 20.7
 14.4
 17.9
 16.6
 17.2
 17.8
 18.5
 17.7
 19.9
 18.5
 19.3
 18.2
 18.4
 19.1
 18.5
 18.5
 17.1
 19.6
 20.3
 18.1
 17.8
 18.6
 20.6
 18.3
 19.7
 19.2
 19.1
 16.6
 17.3
 19.9
 18.5
 17.7
 18.3
 19.9
 19.1
 19.8
 19.1
 19.6
 19.8
 18.4
 17.3
 18.2
 20.3
 18.9
 19.6
 18.3
 18.8
 19.9
 20.2
 19.1
 19.4
 18.0
 18.7
 17.8
 20.0
 40.9
 16.6
 19.0
 20.6
 21.6
 20.0
 19.5
 18.2
 17.9
 16.6
 17.9
 17.9
 18.5
 17.1
 20.9
 19.1
 17.6
 18.5
 18.9
 19.5
 20.3
 18.9
 18.3
 18.2
 18.8
 20.5
 19.3
 20.2
 17.4
 18.1
 18.6
 19.3
 20.6
 17.5
 17.8
 16.5
 17.2
 19.7
 18.6
 19.4
 16.4
 18.6
 16.0
 19.5
 19.2
 17.2
 17.8
 18.4
 17.1
 17.6
 18.2
 16.8
 17.3
 18.1
 18.6
 17.4
 18.1
 16.9
 24.8
 16.5
 17.4
 17.7
 20.4
 17.1
 30.6
 16.8
 29.1
 16.8
 17.4
 18.1
 18.7
 18.1
 18.4
 16.6
 19.2
 20.0
 16.5
 17.7
 17.9
 21.1
 17.9
 20.3
 18.9
 19.6
 19.4
 17.5
 19.7
 20.2
 19.0
 19.0
 18.1
 17.5
 19.4
 18.1
 25.1
 17.9
 20.4
 17.1
 17.8
 18.4
 19.0
 21.1
 17.1
 18.0
 18.1
 18.4
 19.5
 18.2
 16.8
 19.5
 20.1
 18.8
 17.9
 18.0
 16.7
 17.3
 18.0
 17.9
 16.6
 17.3
 17.8
 16.6
 17.2
 17.9
 16.8
 18.4
 18.0
 16.5
 17.1
 17.8
 16.4
 16.9
 17.7
 20.3
 16.9
 17.7
 18.2
 16.9
 18.0
 18.2
 16.9
 17.7
 18.6
 16.8
 17.4
 18.0
 18.7
 13.3
 21.2
 18.1
 19.3
 19.1
 16.0
 20.2
 16.9
 17.5
 18.1
 16.8
 17.4
 18.1
 16.7
 19.4
 18.3
 16.7
 20.1
 17.9
 19.6
 19.3
 18.2
 18.6
 17.8
 18.4
 20.2
 17.5
 18.3
 17.4
 19.6
 20.1
 16.7
 17.4
 18.1
 17.4
 17.8
 18.3
 16.7
 19.3
 18.0
 18.5
 17.5
 19.9
 16.8
 17.5
 17.9
 16.5
 19.2
 19.6
 18.4
 17.1
 17.7
 21.4
 23.5
 18.0
 16.8
 17.8
 17.9
 16.4
 17.1
 19.8
 18.5
 19.8
 17.8
 18.6
 16.9
 17.6
 20.3
 19.1
 19.7
 18.2
 18.9
 17.7
 18.1
 18.8
 19.5
 20.2
 17.1
 18.4
 20.4
 17.7
 18.0
 16.8
 17.1
 19.9
 18.5
 17.1
 19.8
 18.4
 17.2
 18.5
 20.4
 21.8
 18.0
 18.9
 20.3
 20.0
 18.8
 17.9
 18.7
 19.3
 17.9
 17.8
 18.6
 18.6
 17.2
 19.6
 19.3
 17.0
 17.6
 30.5
 17.6
 20.1
 16.9
 17.8
 17.9
 18.6
 19.0
 18.1
 20.6
 21.3
 17.4
 20.0
 18.7
 18.2
 18.5
 19.3
 17.8
 18.4
 19.8
 17.7
 18.4
 21.0
 18.2
 20.7
 17.8
 19.6
 17.5
 18.0
 17.6
 19.2
 19.9
 16.5
 16.9
 20.0
 16.4
 19.1
 19.7
 20.4
 17.9
 19.6
 18.8
 17.8
 20.0
 14.8
 17.4
 18.0
 18.8
 17.8
 18.1
 18.6
 17.6
 18.3
 18.4
 17.3
 18.8
 18.5
 19.2
 19.8
 17.0
 19.7
 18.2
 18.7
 17.4
 20.1
 16.7
 19.4
 18.0
 16.7
 17.4
 17.6
 18.6
 17.2
 19.8
 16.5
 19.2
 19.6
 18.4
 26.9
 16.4
 17.7
 19.6
 18.5
 18.8
 17.8
 18.1
 17.9
 17.5
 20.8
 19.3
 17.9
 18.5
 17.2
 18.6
 20.5
 17.2
 17.9
 20.4
 19.2
 20.3
 20.3
 18.8
 18.1
 18.3
 17.2
 19.5
 18.2
 16.9
 19.7
 19.2
 16.8
 19.4
 19.6
 17.4
 18.8
 22.1
 17.6
 20.3
 20.9
 20.1
 18.7
 17.3
 17.8
 17.0
 19.6
 20.2
 18.5
 17.2
 18.1
 18.5
 17.7
 17.8
 16.9
 17.5
 18.8
 20.5
 17.0
 17.6
 18.3
 17.7
 18.5
 18.1
 17.1
 19.6
 20.2
 17.2
 17.5
 18.4
 18.2
 17.4
 20.1
 18.8
 21.4
 16.7
 17.5
 18.7
 18.7
 18.6
 17.8
 19.8
 20.5
 17.7
 18.2
 17.0
 17.6
 18.5
 17.3
 17.5
 19.7
 17.2
 18.1
 18.1
 16.8
 25.7
 16.5
 17.7
 18.5
 16.5
 17.9
 17.8
 20.4
 17.7
 18.2
 16.9
 17.8
 18.2
 16.9
 20.4
 20.2
 17.3
 19.5
 18.1
 16.7
 19.4
 18.7
 17.9
 20.9
 17.7
 20.9
 17.3
 17.5
 18.2
 26.3
 20.0
 17.0
 17.4
 19.9
 18.5
 19.2
 20.0
 17.2
 17.8
 18.4
 18.5
 20.2
 17.9
 18.3
 17.3
 19.7
 20.4
 17.8
 18.1
 17.4
 17.6
 20.1
 18.6
 17.4
 18.0
 18.7
 18.3
 18.2
 18.6
 30.6
 20.4
 17.8
 19.5
 18.4
 17.1
 18.3
 18.2
 16.9
 17.5
 18.2
 18.9
 17.9
 20.1
 18.7
 17.5
 18.0
 18.7
 18.0
 18.1
 16.7
 17.4
 20.1
 19.1
 19.4
 18.4
 19.0
 17.2
 17.8
 19.7
 18.3
 17.0
 16.9
 20.1
 20.4
 17.2
 21.4
 16.8
 17.4
 20.0
 18.7
 19.2
 17.9
 18.6
 17.2
 18.0
 18.5
 19.1
 19.9
 18.4
 17.1
 18.2
 18.4
 17.8
 21.7
 16.9
 17.8
 18.2
 18.7
 19.4
 20.1
 16.7
 21.1
 16.7
 17.1
 19.8
 16.5
 18.9
 18.2
 18.8
 17.0
 18.3
 18.7
 19.0
 17.8
 18.3
 16.9
 17.5
 16.7
 16.8
 19.3
 18.0
 16.8
 19.1
 18.0
 17.5
 17.7
 17.7
 17.6
 17.8
 22.1
 17.5
 18.2
 16.8
 17.4
 20.2
 16.7
 17.6
 18.5
 16.6
 17.7
 17.9
 16.9
 17.3
 21.0
 19.1
 20.3
 17.4
 19.6
 18.3
 18.9
 19.5
 20.5
 20.5
 17.8
 17.7
 21.2
 20.4
 17.1
 18.9
 17.7
 18.1
 16.8
 17.6
 19.7
 16.7
 17.3
 18.1
 18.6
 17.3
 17.9
 16.6
 19.3
 18.2
 17.2
 19.7
 17.7
 20.5
 19.2
 19.7
 18.4
 19.1
 19.7
 18.3
 19.3
 20.0
 20.3
 21.0
 18.8
 17.7
 15.3
 19.9
 18.7
 17.7
 18.3
 17.7
 17.3
 17.9
 17.1
 19.2
 17.9
 19.4
 17.2
 18.7
 19.1
 19.3
 17.7
 18.4
 17.0
 20.1
 18.6
 18.2
 17.5
 20.1
 17.0
 17.7
 18.1
 17.9
 17.3
 17.9
 18.6
 19.3
 18.4
 16.6
 17.8
 19.8
 20.5
 19.2
 19.9
 20.6
 17.9
 18.3
 18.1
 19.6
 18.2
 19.4
 17.5
 18.1
 17.7
 18.2
 20.4
 17.2
 17.9
 18.5
 17.3
 17.3
 18.2
 16.6
 17.5
 18.2
 16.5
 17.2
 20.0
 20.4
 19.1
 19.8
 18.4
 17.5
 17.8
 18.3
 17.8
 17.6
 18.2
 17.0
 17.6
 16.7
 18.9
 17.5
 20.1
 16.8
 19.5
 18.0
 18.6
 17.5
 20.6
 20.3
 19.8
 17.6
 19.2
 19.8
 20.5
 17.1
 17.7
 18.3
 17.0
 19.6
 18.4
 26.9
 18.1
 18.9
 17.4
 20.2
 18.8
 17.2
 19.9
 16.6
 18.9
 18.2
 21.0
 18.4
 21.0
 19.9
 20.2
 18.8
 20.8
 16.9
 17.3
 18.5
 16.6
 17.2
 19.1
 21.2
 17.8
 16.4
 31.7
 18.3
 20.8
 20.5
 16.7
 17.3
 20.0
 16.6
 17.3
 19.8
 20.6
 23.3
 16.9
 16.5
 17.3
 19.8
 17.3
 16.8
 19.4
 20.0
 16.6
 19.3
 18.2
 20.2
 19.3
 19.8
 18.6
 19.2
 19.8
 18.5
 17.4
 17.8
 19.7
 17.3
 19.4
 16.4
 17.3
 18.1
 16.3
 18.3
 17.5
 24.1
 18.4
 18.1
 18.7
 19.6
 20.1
 17.4
 17.6
 18.2
 16.9
 17.2
 17.9
 19.0
 19.2
 17.8
 17.0
 17.8
 22.1
 19.2
 18.0
 20.3
 16.8
 17.5
 22.2
 19.7
 20.0
 18.7
 18.9
 19.8
 17.4
 19.2
 16.9
 17.3
 18.2
 16.6
 19.2
 18.0
 16.4
 19.1
 18.3
 18.5
 19.0
 17.7
 18.2
 17.8
 30.1
 17.1
 17.4
 20.0
 18.9
 17.5
 22.0
 20.2
 17.8
 18.8
 17.3
 18.0
 18.8
 18.2
 18.0
 18.7
 21.7
 19.3
 17.5
 19.6
 21.1
 17.7
 20.4
 16.9
 19.6
 18.2
 18.9
 19.8
 18.9
 17.3
 17.5
 18.8
 17.1
 17.3
 20.5
 16.9
 19.4
 18.0
 16.8
 18.2
 18.2
 17.1
 19.3
 20.1
 18.6
 17.1
 18.3
 18.3
 19.1
 19.7
 16.4
 17.0
 17.7
 18.3
 17.2
 17.6
 18.3
 17.4
 20.1
 18.2
 18.9
 19.5
 18.1
 18.6
 17.4
 18.0
 18.7
 17.4
 18.5
 19.2
 26.2
 16.4
 19.1
 21.1
 16.9
 17.7
 20.2
 16.9
 18.1
 18.2
 16.8
 17.5
 20.1
 17.0
 19.4
 18.0
 19.0
 19.1
 17.1
 20.0
 18.1
 18.0
 18.6
 17.5
 17.6
 16.8
 19.9
 18.4
 19.0
 18.0
 16.5
 20.7
 20.1
 18.4
 19.9
 20.6
 20.2
 16.7
 20.5
 19.9
 18.5
 17.6
 21.1
 17.5
 17.0
 19.0
 16.0
 19.2
 18.7
 20.3
 17.2
 19.8
 19.8
 19.0
 19.0
 19.7
 18.6
 19.2
 19.2
 17.7
 19.6
 19.8
 17.0
 19.1
 18.4
 16.7
 18.8
 18.4
 16.9
 18.3
 20.9
 17.6
 19.5
 21.3
 19.1
 18.4
 18.1
 17.0
 16.9
 18.6
 17.9
 16.6
 20.6
 18.4
 18.3
 16.4
 17.6
 20.2
 17.6
 20.0
 18.1
 17.0
 19.5
 20.1
 18.0
 17.6
 18.0
 17.7
 19.2
 20.0
 19.2
 17.5
 17.9
 17.0
 28.3
 18.5
 19.6
 17.8
 20.6
 18.1
 18.0
 16.7
 18.4
 20.0
 18.7
 19.3
 17.9
 17.9
 19.8
 20.3
 16.6
 17.1
 17.9
 20.5
 17.4
 17.8
 21.0
 17.8
 18.3
 18.9
 19.5
 18.2
 16.9
 17.9
 19.9
 17.0
 17.4
 19.5
 18.0
 19.3
 20.6
 17.2
 19.1
 17.7
 19.0
 17.0
 18.2
 16.4
 17.5
 21.0
 16.9
 17.4
 18.1
 16.6
 17.4
 18.2
 16.7
 17.3
 18.0
 17.0
 17.4
 19.9
 16.9
 19.6
 17.9
 17.0
 25.3
 16.4
 17.0
 17.6
 18.4
 16.9
 20.0
 20.2
 18.8
 18.0
 20.3
 17.5
 19.5
 18.2
 16.7
 19.2
 18.0
 16.7
 19.1
 18.2
 18.6
 17.4
 19.9
 18.5
 17.2
 19.8
 20.4
 19.1
 19.7
 18.5
 17.0
 19.7
 18.8
 17.8
 22.0
 18.8
 17.7
 18.1
 17.2
 17.3
 18.0
 18.3
 17.4
 18.0
 16.7
 19.2
 18.2
 19.8
 17.2
 19.9
 16.7
 19.1
 19.8
 18.5
 16.9
 17.7
 18.9
 19.7
 17.7
 18.4
 18.9
 17.5
 17.3
 17.0
 17.5
 20.2
 17.5
 17.4
 21.0
 17.4
 19.9
 22.1
 18.0
 18.7
 17.2
 17.6
 20.4
 19.1
 19.8
 18.4
 16.9
 17.9
 18.6
 18.8
 19.6
 20.3
 18.8
 17.7
 22.1
 17.3
 18.0
 17.1
 17.2
 20.7
 19.1
 19.8
 18.1
 19.0
 17.7
 18.3
 16.9
 17.9
 18.6
 18.8
 18.3
 18.4
 16.8
 17.5
 18.4
 16.8
 17.4
 20.0
 18.9
 18.8
 18.2
 18.7
 17.3
 18.6
 18.6
 19.0
 19.8
 16.4
 18.1
 20.0
 22.5
 19.6
 19.0
 18.9
 21.5
 17.3
 17.4
 18.1
 20.7
 19.7
 17.1
 19.1
 19.8
 20.5
 17.6
 20.2
 19.3
 17.5
 18.2
 20.8
 19.9
 17.7
 19.2
 18.1
 18.5
 18.7
 18.3
 20.2
 29.4
 28.6
 17.5
 18.0
 17.0
 17.5
 20.3
 17.5
 17.9
 18.5
 17.4
 16.1
 16.4
 21.9
 18.5
 16.9
 17.7
 18.2
 17.0
 17.5
 20.5
 21.5
 18.7
 17.5
 18.0
 20.4
 17.8
 25.5
 19.7
 17.6
 20.1
 17.6
 20.4
 20.1
 17.4
 19.4
 18.1
 16.7
 19.2
 17.9
 17.1
 19.4
 18.0
 18.6
 20.8
 19.1
 19.0
 20.5
 20.8
 20.0
 17.8
 17.6
 20.0
 18.7
 19.2
 19.9
 16.6
 17.3
 17.9
 21.7
 19.7
 18.3
 17.0
 17.6
 18.3
 16.9
 17.5
 21.9
 17.7
 20.0
 16.4
 17.3
 18.0
 18.6
 17.2
 17.9
 16.5
 17.2
 17.9
 18.3
 19.2
 19.0
 18.7
 17.1
 17.7
 18.4
 21.2
 18.7
 17.6
 19.8
 17.4
 17.2
 19.5
 30.9
 17.4
 25.1
 18.8
 18.1
 18.5
 19.2
 17.8
 20.6
 17.6
 18.4
 18.7
 18.9
 18.1
 20.1
 17.5
 18.2
 18.9
 17.8
 19.9
 19.7
 40.3
 17.1
 19.9
 18.5
 17.2
 17.8
 18.3
 17.1
 17.7
 19.0
 19.1
 17.6
 18.5
 16.9
 17.5
 18.2
 20.1
 18.0
 18.3
 19.1
 17.7
 19.6
 20.6
 20.1
 16.8
 17.2
 17.6
 16.5
 17.6
 20.0
 17.4
 17.5
 17.9
 16.6
 17.5
 18.5
 16.5
 17.4
 17.9
 17.0
 19.1
 17.8
 20.5
 17.6
 18.2
 16.8
 19.8
 19.0
 18.8
 18.8
 18.6
 18.4
 17.5
 19.0
 17.7
 17.3
 19.9
 19.6
 18.1
 18.6
 17.9
 30.6
 23.4
 18.7
 18.9
 17.8
 19.9
 17.4
 20.1
 16.9
 16.4
 23.9
 19.2
 19.3
 18.4
 19.0
 18.6
 18.0
 17.0
 17.7
 20.4
 17.5
 17.4
 20.4
 17.7
 18.7
 17.0
 17.1
 22.2
 19.5
 18.1
 18.6
 17.3
 18.1
 17.2
 17.3
 17.9
 18.4
 17.2
 18.8
 18.6
 19.2
 17.8
 20.4
 19.0
 21.6
 17.5
 18.4
 17.9
 20.0
 21.6
 19.0
 18.2
 18.5
 17.2
 17.7
 18.5
 17.1
 24.2
 17.0
 17.6
 20.7
 18.1
 22.0
 18.1
 18.2
 18.1
 18.7
 19.3
 17.1
 19.6
 21.2
 19.4
 19.0
 17.8
 17.4
 18.0
 18.2
 19.2
 26.4
 17.1
 17.4
 20.3
 17.3
 20.5
 17.2
 17.4
 18.2
 20.4
 17.9
 17.0
 17.5
 26.0
 18.3
 17.7
 18.6
 18.5
 19.6
 20.3
 19.2
 17.7
 18.3
 19.1
 19.3
 18.4
 16.9
 18.1
 18.2
 19.0
 19.6
 19.6
 22.4
 18.1
 16.7
 17.4
 20.5
 19.8
 18.1
 19.2
 18.9
 19.8
 22.6
 19.4
 18.0
 16.7
 17.3
 19.9
 20.5
 17.7
 18.1
 17.1
 17.7
 19.1
 17.6
 17.7
 22.4
 23.2
 19.3
 19.3
 17.9
 18.7
 16.9
 18.7
 22.3
 19.4
 20.4
 18.9
 19.6
 20.3
 16.9
 17.8
 20.4
 19.3
 20.1
 18.9
 17.2
 18.7
 16.8
 18.8
 17.9
 18.6
 17.1
 19.6
 20.5
 37.0
 19.3
 19.3
 16.9
 17.4
 17.8
 18.5
 17.4
 18.3
 21.7
 17.7
 18.3
 17.0
 17.6
 16.3
 16.9
 17.6
 18.2
 16.9
 17.6
 18.5
 16.9
 19.4
 25.4
 18.7
 17.9
 16.7
 17.5
 18.0
 18.9
 19.1
 19.1
 16.6
 19.3
 18.1
 20.6
 17.5
 18.4
 17.2
 17.4
 18.2
 18.8
 16.8
 18.5
 16.6
 18.2
 18.1
 17.4
 19.4
 17.4
 20.6
 20.0
 19.3
 17.0
 17.7
 19.5
 18.4
 19.7
 18.3
 17.6
 19.5
 19.3
 17.6
 17.2
 18.6
 18.7
 21.5
 18.8
 17.6
 18.1
 16.6
 17.5
 19.9
 20.8
 20.1
 19.1
 17.7
 19.7
 19.4
 18.3
 17.8
 20.2
 17.0
 17.5
 16.9
 18.5
 19.2
 18.5
 17.1
 21.3
 19.1
 19.4
 20.0
 19.7
 17.3
 18.1
 17.5
 18.4
 18.0
 16.4
 31.3
 19.7
 18.6
 19.7
 19.4
 18.8
 17.6
 18.1
 18.2
 18.0
 19.9
 17.0
 17.6
 18.5
 16.9
 17.1
 19.0
 20.1
 19.7
 17.8
 17.0
 18.1
 19.7
 18.0
 17.6
 18.5
 18.0
 17.6
 18.3
 19.0
 17.4
 18.2
 18.9
 20.4
 16.9
 20.8
 18.5
 18.3
 17.7
 16.5
 24.9
 18.0
 18.8
 19.5
 18.2
 16.8
 17.4
 18.1
 18.2
 17.4
 41.6
 17.9
 17.5
 17.0
 19.4
 17.1
 18.9
 19.0
 17.5
 17.4
 19.9
 19.2
 19.9
 18.6
 19.2
 19.7
 18.4
 20.6
 18.7
 18.7
 17.6
 20.0
 19.7
 19.5
 18.1
 16.8
 17.4
 20.6
 17.0
 17.8
 20.5
 17.8
 18.1
 18.9
 17.6
 18.9
 17.1
 19.5
 20.6
 20.1
 21.8
 17.8
 17.2
 18.6
 17.7
 21.9
 19.4
 19.5
 18.8
 70.8
 18.2
 16.9
 17.4
 20.1
 16.8
 18.0
 20.1
 20.8
 17.9
 19.9
 20.0
 18.7
 22.1
 18.4
 17.2
 17.9
 18.9
 18.0
 19.7
 18.4
 17.2
 17.7
 20.3
 19.9
 18.3
 18.8
 20.1
 19.6
 16.7
 17.3
 20.4
 18.6
 19.1
 18.4
 19.0
 19.5
 20.0
 17.8
 17.1
 20.2
 18.5
 16.8
 18.7
 18.5
 18.9
 17.6
 16.8
 18.3
 19.7
 20.2
 17.2
 18.9
 18.4
 19.1
 20.0
 23.5
 38.4
 17.5
 20.4
 16.8
 17.6
 20.1
 18.7
 18.0
 25.3
 19.6
 17.7
 18.2
 21.1
 18.3
 16.9
 19.4
 20.3
 19.1
 18.1
 18.2
 17.0
 17.5
 18.6
 17.0
 19.4
 18.6
 18.6
 19.8
 17.8
 18.5
 19.3
 20.1
 19.1
 17.2
 17.9
 18.5
 20.0
 20.6
 16.5
 19.9
 16.6
 19.6
 21.7
 20.4
 18.5
 16.5
 17.0
 17.6
 18.4
 17.5
 19.8
 18.3
 20.4
 18.5
 17.6
 17.4
 20.0
 20.3
 18.1
 19.0
 20.2
 19.8
 18.4
 17.6
 20.3
 16.9
 19.6
 22.2
 18.8
 20.3
 25.0
 18.4
 18.4
 17.0
 17.9
 19.1
 17.2
 17.7
 21.6
 17.4
 20.1
 18.9
 17.6
 20.2
 18.6
 17.2
 18.9
 16.5
 17.5
 22.4
 20.3
 20.5
 15.6
 17.8
 16.4
 19.3
 17.3
 21.0
 25.5
 16.5
 17.9
 18.2
 16.6
 17.7
 17.8
 18.6
 17.7
 17.4
 16.5
 17.2
 20.0
 16.9
 17.1
 19.8
 17.8
 17.2
 26.4
 19.5
 17.5
 18.2
 16.8
 19.3
 18.2
 18.1
 17.5
 19.3
 16.8
 19.2
 17.8
 16.6
 17.2
 18.1
 19.6
 17.7
 18.1
 22.2
 31.6
 19.6
 17.4
 20.1
 18.0
 17.4
 18.8
 18.6
 19.3
 18.2
 16.6
 17.8
 16.5
 17.6
 19.1
 16.4
 18.8
 17.3
 20.0
 20.1
 18.7
 20.2
 17.3
 25.4
 18.5
 18.5
 18.2
 20.9
 20.2
 17.0
 19.6
 18.2
 18.1
 21.8
 19.2
 17.5
 20.1
 19.1
 18.6
 17.9
 16.7
 18.2
 17.8
 17.8
 17.1
 30.6
 16.8
 19.6
 20.2
 17.4
 17.9
 19.0
 17.9
 19.1
 19.1
 17.5
 18.1
 18.5
 19.6
 18.9
 17.3
 17.1
 20.1
 18.6
 19.6
 18.2
 16.7
 20.6
 16.7
 20.6
 16.8
 18.7
 19.8
 18.4
 20.6
 18.0
 19.5
 18.0
 20.7
 17.6
 18.6
 18.5
 19.6
 18.5
 19.8
 17.8
 18.4
 18.8
 17.7
 19.2
 19.3
 17.8
 18.6
 19.0
 17.6
 20.2
 16.8
 17.5
 18.0
 16.7
 19.3
 16.6
 17.4
 17.8
 18.2
 17.4
 17.8
 18.5
 19.1
 17.9
 18.4
 20.2
 20.2
 16.9
 17.8
 21.5
 19.3
 18.3
 21.6
 19.4
 21.4
 17.6
 19.3
 17.2
 17.5
 20.2
 25.5
 18.4
 19.6
 18.7
 19.6
 17.6
 18.2
 19.0
 18.4
 20.2
 17.9
 21.1
 17.2
 19.5
 20.0
 17.2
 19.2
 19.8
 20.8
 20.4
 16.8
 17.5
 21.1
 17.8
 20.1
 17.5
 20.2
 18.5
 16.6
 17.4
 20.2
 20.5
 17.6
 20.4
 20.0
 19.3
 19.1
 17.4
 17.6
 18.7
 17.3
 19.7
 16.6
 17.6
 17.9
 19.6
 20.8
 20.2
 19.3
 19.7
 18.3
 17.0
 19.5
 18.7
 17.0
 17.5
 18.9
 17.3
 17.4
 20.2
 16.5
 17.4
 20.8
 17.2
 17.9
 18.6
 19.9
 18.4
 18.5
 17.2
 19.8
 31.1
 17.6
 18.2
 17.9
 19.4
 18.2
 20.4
 21.2
 18.3
 19.8
 18.5
 16.4
 19.8
 23.9
 20.7
 17.9
 17.4
 20.1
 16.7
 16.7
 17.9
 16.7
 16.6
 19.3
 20.0
 17.3
 18.0
 16.6
 19.1
 20.8
 18.8
 19.6
 18.3
 18.6
 19.3
 19.7
 16.9
 19.6
 18.2
 18.8
 20.7
 18.7
 17.2
 21.3
 18.4
 18.1
 17.8
 17.2
 17.8
 18.4
 20.0
 18.2
 16.8
 17.7
 20.3
 17.9
 17.9
 18.5
 19.1
 19.7
 16.7
 17.5
 17.7
 22.4
 17.7
 19.7
 18.6
 19.5
 20.2
 16.8
 17.9
 30.6
 17.3
 19.9
 20.5
 20.2
 17.0
 21.6
 18.7
 17.8
 18.6
 18.5
 18.5
 19.9
 17.6
 19.7
 18.0
 19.0
 18.0
 18.5
 17.0
 20.0
 19.8
 19.0
 19.5
 20.1
 16.7
 17.5
 20.1
 19.2
 17.5
 18.0
 18.7
 17.0
 20.5
 19.5
 20.0
 16.6
 17.7
 19.6
 18.0
 17.1
 19.9
 19.2
 18.8
 19.6
 18.3
 21.2
 18.1
 17.3
 19.8
 18.1
 18.7
 21.3
 18.6
 17.6
 17.7
 26.6
 19.9
 17.8
 19.4
 18.0
 17.2
 19.2
 18.2
 16.7
 18.1
 17.5
 19.9
 30.7
 18.3
 20.7
 19.1
 17.4
 19.5
 18.7
 17.4
 20.5
 17.0
 18.0
 22.1
 18.4
 18.2
 16.9
 17.5
 20.4
 17.4
 18.1
 20.2
 19.9
 18.0
 16.6
 23.3
 16.4
 19.1
 17.8
 20.4
 19.2
 19.9
 17.0
 17.1
 17.7
 16.8
 17.1
 19.7
 18.4
 17.0
 17.7
 18.4
 19.2
 17.9
 20.2
 16.9
 18.4
 18.3
 17.0
 20.0
 20.1
 18.7
 17.4
 20.8
 18.9
 20.1
 16.5
 19.1
 17.5
 17.7
 18.8
 17.0
 19.6
 18.2
 18.9
 19.5
 30.6
 17.5
 18.8
 18.7
 19.3
 20.0
 17.4
 19.3
 18.2
 20.1
 18.0
 19.4
 18.5
 17.1
 19.7
 18.4
 17.8
 17.1
 18.3
 18.4
 17.2
 18.1
 20.3
 19.0
 19.7
 18.1
 18.9
 17.4
 18.1
 16.7
 17.2
 18.0
 18.7
 19.2
 18.0
 16.6
 19.0
 17.9
 30.7
 17.7
 18.4
 19.0
 17.6
 20.2
 17.6
 17.8
 20.2
 17.2
 19.5
 18.3
 16.8
 17.5
 18.1
 17.9
 19.4
 18.6
 18.4
 17.4
 20.0
 16.6
 20.8
 18.2
 17.6
 17.8
 16.3
 17.2
 19.7
 18.3
 16.9
 19.6
 18.1
 18.9
 19.4
 20.1
 16.8
 17.6
 18.3
 16.7
 19.4
 18.0
 17.0
 17.6
 18.3
 18.7
 17.3
 17.9
 16.9
 19.7
 17.8
 20.4
 21.3
 18.8
 17.7
 18.1
 18.9
 19.7
 18.3
 17.0
 17.4
 20.0
 17.9
 19.3
 20.0
 19.6
 19.2
 20.0
 16.8
 20.1
 17.9
 16.6
 17.4
 17.7
 16.5
 19.1
 19.8
 18.3
 19.0
 19.7
 19.1
 17.2
 19.7
 20.3
 19.1
 18.5
 18.3
 18.7
 20.9
 17.9
 17.2
 18.2
 16.6
 18.7
 17.9
 18.5
 17.0
 17.8
 16.4
 19.3
 19.7
 18.4
 17.1
 19.7
 18.2
 17.4
 17.9
 20.3
 17.1
 19.4
 18.2
 16.8
 17.4
 18.1
 16.9
 17.4
 18.1
 16.8
 17.4
 18.0
 18.6
 19.6
 17.9
 18.6
 17.2
 19.2
 18.6
 17.1
 19.7
 20.5
 19.1
 18.2
 20.5
 17.1
 17.7
 19.1
 19.0
 17.6
 16.9
 16.9
 17.6
 18.1
 16.9
 17.3
 20.2
 20.8
 20.5
 16.8
 19.7
 17.9
 16.5
 17.3
 16.7
 21.1
 17.7
 20.3
 16.9
 17.4
 20.2
 18.8
 17.4
 20.2
 17.1
 17.3
 18.0
 16.6
 17.6
 17.9
 19.4
 19.3
 17.9
 20.4
 19.7
 18.4
 18.2
 17.9
 30.6
 19.4
 18.1
 18.7
 17.4
 18.1
 17.3
 17.4
 16.6
 18.8
 17.3
 17.9
 16.7
 17.3
 18.0
 17.0
 19.3
 17.8
 19.3
 19.1
 18.0
 20.4
 25.1
 16.7
 17.1
 18.2
 20.1
 17.5
 17.4
 18.0
 16.7
 21.9
 20.3
 18.1
 18.3
 19.0
 25.1
 19.0
 17.2
 17.5
 18.1
 18.6
 17.3
 18.0
 17.4
 17.3
 18.2
 16.3
 21.1
 20.1
 19.2
 19.0
 20.2
 17.1
 18.0
 18.2
 17.1
 27.5
 18.6
 17.4
 18.6
 16.8
 17.3
 18.7
 20.5
 19.3
 16.9
 15.2
 17.9
 18.5
 17.5
 17.7
 16.4
 17.1
 17.8
 19.1
 19.1
 17.6
 18.4
 17.0
 17.6
 18.2
 16.9
 17.8
 20.1
 17.4
 19.4
 20.1
 18.8
 19.4
 18.2
 19.2
 19.8
 20.0
 18.0
 17.9
 17.3
 17.9
 19.7
 19.3
 17.9
 16.6
 16.9
 17.8
 18.4
 17.1
 17.7
 19.4
 17.1
 18.2
 18.3
 19.7
 19.6
 18.3
 18.0
 17.5
 18.3
 17.1
 18.6
 18.5
 18.8
 19.7
 20.3
 18.8
 18.2
 18.4
 18.7
 19.6
 19.0
 18.5
 19.4
 19.9
 17.5
 19.0
 17.6
 17.0
 17.5
 20.6
 19.3
 17.8
 20.2
 18.5
 17.5
 18.2
 16.9
 17.5
 18.7
 18.8
 19.4
 18.2
 18.0
 17.4
 20.0
 18.7
 19.2
 18.0
 16.8
 19.1
 20.0
 18.5
 19.2
 17.7
 16.5
 17.0
 17.7
 18.4
 19.4
 19.8
 19.2
 27.0
 18.2
 18.8
 20.5
 18.1
 18.8
 17.4
 18.3
 18.9
 17.4
 18.0
 16.8
 17.6
 18.0
 17.0
 19.2
 17.9
 17.0
 21.3
 16.4
 19.0
 17.7
 20.2
 17.4
 17.5
 18.2
 16.9
 17.6
 20.1
 18.7
 19.4
 18.3
 18.7
 17.3
 18.0
 16.6
 21.3
 16.8
 17.4
 18.3
 28.9
 20.1
 17.7
 17.3
 18.0
 18.7
 19.3
 20.0
 16.7
 21.2
 18.5
 17.1
 17.7
 17.0
 17.0
 17.7
 20.8
 17.6
 18.7
 18.8
 19.4
 18.0
 16.8
 17.3
 18.2
 18.6
 17.3
 17.9
 16.9
 19.2
 18.1
 18.6
 17.2
 19.9
 16.5
 25.3
 18.3
 20.9
 18.1
 16.9
 19.4
 18.1
 16.7
 18.2
 18.0
 16.9
 17.3
 17.9
 18.7
 19.2
 17.9
 16.5
 19.2
 17.9
 18.5
 19.1
 17.7
 18.4
 17.0
 19.7
 18.3
 19.6
 17.9
 20.3
 16.8
 19.5
 21.3
 17.3
 18.1
 17.4
 17.6
 19.9
 19.1
 18.1
 17.9
 17.1
 17.4
 19.7
 18.5
 17.3
 18.0
 16.4
 17.0
 18.4
 20.8
 20.1
 20.2
 18.9
 19.4
 18.1
 17.8
 19.4
 18.2
 18.6
 19.2
 19.9
 17.4
 19.6
 22.0
 17.4
 18.6
 30.0
 17.6
 18.2
 18.7
 17.4
 22.1
 17.3
 18.1
 18.5
 18.4
 17.8
 16.6
 25.2
 19.1
 17.0
 19.6
 20.2
 19.0
 17.8
 17.0
 16.8
 17.9
 18.2
 16.9
 19.5
 18.1
 18.7
 17.5
 18.0
 16.7
 17.3
 18.7
 18.7
 19.2
 18.4
 19.0
 17.2
 19.8
 20.4
 17.6
 20.2
 17.0
 17.5
 20.2
 19.1
 17.6
 20.3
 19.5
 19.4
 18.7
 16.7
 17.5
 18.8
 17.4
 19.8
 18.4
 19.2
 17.2
 17.9
 16.6
 26.6
 20.5
 17.5
 17.6
 18.2
 19.2
 18.4
 18.9
 17.5
 16.5
 19.2
 18.1
 19.9
 16.6
 18.6
 19.7
 17.0
 17.5
 18.9
 18.5
 17.0
 17.7
 18.6
 17.5
 19.4
 16.6
 20.0
 20.3
 16.7
 20.3
 19.1
 19.1
 18.9
 25.2
 20.0
 18.8
 26.4
 19.8
 18.8
 22.2
 20.5
 20.6
 17.3
 19.5
 20.1
 17.3
 17.6
 18.2
 19.0
 17.3
 20.0
 18.7
 19.3
 17.9
 16.8
 17.2
 18.2
 18.6
 19.1
 20.0
 16.4
 18.8
 18.3
 16.3
 17.5
 18.3
 21.6
 17.9
 19.7
 17.7
 17.7
 18.9
 18.8
 17.5
 20.0
 17.0
 17.6
 20.1
 18.5
 19.4
 22.0
 19.1
 19.8
 25.5
 17.6
 18.2
 17.0
 19.3
 17.4
 17.0
 17.6
 18.1
 17.3
 17.3
 20.0
 19.0
 17.1
 17.9
 17.2
 18.3
 17.1
 19.2
 17.9
 19.5
 17.1
 17.7
 16.6
 19.8
 17.6
 18.2
 16.8
 18.6
 60.9
 18.5
 18.0
 17.7
 19.0
 14.9
 18.5
 19.0
 16.9
 17.5
 18.2
 18.7
 18.8
 20.4
 17.6
 18.3
 16.6
 17.3
 19.8
 16.5
 19.4
 17.9
 18.8
 17.2
 18.3
 20.4
 19.9
 18.2
 19.0
 19.6
 20.1
 16.9
 18.0
 20.2
 17.1
 17.5
 20.1
 17.0
 17.4
 18.0
 17.9
 18.2
 20.1
 18.0
 17.3
 17.9
 16.8
 19.1
 18.8
 18.5
 17.2
 19.9
 20.5
 18.1
 18.3
 18.8
 17.6
 20.3
 18.8
 17.5
 19.6
 17.0
 17.9
 21.4
 18.0
 20.0
 17.2
 17.9
 17.8
 18.6
 17.2
 17.7
 18.4
 20.8
 20.3
 20.2
 17.5
 18.1
 18.8
 18.1
 18.3
 18.5
 17.4
 18.3
 30.6
 18.0
 17.0
 18.0
 17.8
 20.7
 19.6
 18.1
 17.5
 17.8
 20.4
 17.0
 17.5
 21.5
 17.3
 19.9
 18.8
 18.0
 17.8
 20.6
 17.4
 18.5
 16.9
 19.2
 22.7
 17.7
 17.6
 16.9
 16.8
 17.6
 18.1
 16.9
 18.5
 20.0
 18.7
 19.3
 18.3
 18.7
 17.3
 19.8
 18.6
 17.8
 17.9
 18.6
 17.7
 19.8
 18.7
 17.1
 17.7
 16.7
 17.8
 20.5
 17.8
 18.6
 17.2
 17.6
 18.3
 16.9
 17.8
 18.2
 19.1
 18.3
 18.0
 18.7
 19.3
 18.1
 18.7
 19.4
 18.0
 16.7
 17.5
 18.2
 16.8
 19.3
 19.8
 17.0
 17.3
 19.8
 17.7
 20.3
 19.0
 17.9
 22.3
 17.5
 18.1
 17.8
 19.3
 20.3
 17.1
 17.3
 18.0
 18.6
 17.2
 20.0
 22.0
 19.8
 17.1
 21.1
 18.2
 16.7
 17.5
 20.1
 16.8
 17.9
 18.0
 16.8
 20.4
 18.1
 20.7
 19.9
 16.5
 17.1
 17.7
 18.3
 19.0
 20.4
 17.3
 17.4
 18.1
 16.8
 17.4
 18.1
 18.6
 17.5
 18.0
 19.5
 17.8
 19.9
 17.4
 17.4
 18.0
 16.6
 17.2
 17.8
 18.6
 18.0
 18.1
 16.8
 17.4
 18.0
 16.7
 17.3
 20.1
 18.7
 17.3
 18.7
 17.1
 19.8
 21.2
 19.2
 17.7
 24.9
 19.6
 18.2
 19.8
 17.6
 18.1
 19.0
 17.9
 18.6
 16.8
 17.4
 19.4
 18.6
 17.5
 19.4
 19.0
 18.7
 17.3
 21.1
 17.1
 18.1
 20.4
 18.9
 18.4
 20.3
 19.1
 19.5
 20.3
 19.0
 21.5
 18.6
 17.9
 18.0
 18.6
